0 0.338752 0.659801 0.008046 0.010728
0 0.331208 0.658013 0.005029 0.017881
2 0.324168 0.654437 0.013075 0.025033
0 0.320647 0.664271 0.010058 0.023245
0 0.312098 0.662483 0.011064 0.030397
0 0.296508 0.663377 0.018104 0.046490
0 0.285947 0.673212 0.015087 0.037550
0 0.270358 0.661589 0.024139 0.057219
0 0.265329 0.675894 0.018104 0.060795
0 0.246721 0.673212 0.031180 0.076887
0 0.220571 0.664271 0.035203 0.109073
0 0.140107 0.659801 0.145840 0.168079
0 0.350318 0.654437 0.007041 0.014305
0 0.361382 0.665166 0.007041 0.021457
0 0.368423 0.661589 0.011064 0.028609
0 0.392059 0.662483 0.038220 0.059007
0 0.451401 0.687517 0.072417 0.119801
0 0.915072 0.710762 0.166962 0.169868
