0 0.431224 0.445949 0.010518 0.016828
0 0.422810 0.443144 0.010518 0.018698
0 0.414922 0.447819 0.007362 0.016828
0 0.393887 0.433795 0.036812 0.048615
0 0.359178 0.445014 0.047329 0.078532
0 0.313952 0.452493 0.093607 0.127147
0 0.485916 0.447819 0.008414 0.013089
0 0.491175 0.442209 0.008414 0.028047
0 0.497486 0.438470 0.010518 0.035526
0 0.514840 0.427251 0.034708 0.057964
0 0.518521 0.430056 0.027346 0.052355
0 0.657880 0.497369 0.152506 0.168283
0 0.204569 0.510457 0.200887 0.201939
0 0.545867 0.440340 0.056795 0.072922
0 0.043648 0.613297 0.087297 0.243075
0 0.835523 0.607785 0.328151 0.441079
