0 0.734893 0.550937 0.023874 0.037545
0 0.764735 0.551753 0.037647 0.052237
0 0.853344 0.569710 0.029383 0.052237
0 0.624705 0.541959 0.022037 0.045707
0 0.668780 0.547672 0.055094 0.053869
0 0.712396 0.573791 0.070704 0.073458
0 0.157309 0.510744 0.054175 0.063664
0 0.197711 0.519648 0.057848 0.063664
0 0.244541 0.527810 0.081722 0.066929
0 0.301930 0.540053 0.069785 0.065296
0 0.370797 0.523729 0.082641 0.107739
0 0.444715 0.545766 0.052339 0.076723
0 0.051713 0.542502 0.100087 0.125695
0 0.595763 0.533523 0.022037 0.029383
0 0.810584 0.572190 0.074377 0.079988
2 0.924904 0.511791 0.148753 0.155079
0 0.934086 0.653811 0.130388 0.181197
