0 0.421312 0.452369 0.025345 0.025533
0 0.393043 0.451271 0.038992 0.069320
0 0.350541 0.467966 0.061218 0.081913
0 0.282792 0.484429 0.103135 0.096585
0 0.494715 0.449134 0.016572 0.019063
0 0.469078 0.446072 0.027295 0.024262
0 0.512359 0.446419 0.013647 0.020796
0 0.523569 0.446419 0.016572 0.024262
0 0.543553 0.453351 0.027295 0.034660
0 0.575722 0.461149 0.042892 0.064121
0 0.617151 0.473280 0.065312 0.105712
0 0.648345 0.490610 0.067262 0.116110
0 0.731106 0.503607 0.144272 0.194095
0 0.884313 0.547048 0.229080 0.541849
0 0.046011 0.513659 0.089682 0.204493
0 0.158601 0.504994 0.151095 0.162901
0 0.437884 0.449538 0.023395 0.024262
