0 0.283092 0.532604 0.049732 0.085013
0 0.243402 0.538555 0.079381 0.110516
0 0.369646 0.491798 0.025823 0.010202
0 0.347649 0.519002 0.020084 0.040806
0 0.442331 0.491883 0.004782 0.018703
0 0.433246 0.488483 0.007651 0.011902
0 0.427507 0.493583 0.007651 0.015302
0 0.418900 0.495284 0.009564 0.022103
0 0.471980 0.490183 0.008608 0.022103
0 0.479152 0.492733 0.009564 0.027204
0 0.483934 0.495284 0.009564 0.028904
0 0.574314 0.507185 0.083206 0.130919
0 0.132460 0.518237 0.194148 0.224433
0 0.041125 0.604950 0.082250 0.163224
0 0.939781 0.664232 0.120438 0.364988
0 0.375384 0.525095 0.054514 0.079912
0 0.496049 0.496190 0.026779 0.042506
0 0.624046 0.524245 0.127200 0.146222
1 0.456996 0.482022 0.023910 0.056108
1 0.398178 0.486556 0.034430 0.049307
