0 0.430222 0.573022 0.021853 0.043705
0 0.408369 0.575450 0.024584 0.038849
0 0.381736 0.576664 0.028681 0.036421
0 0.361933 0.583948 0.016389 0.031565
0 0.319593 0.593175 0.071021 0.064586
0 0.252670 0.593661 0.038242 0.055845
0 0.222623 0.602159 0.043705 0.072842
0 0.103800 0.633724 0.207599 0.233094
0 0.461635 0.585405 0.043705 0.060701
0 0.485536 0.562339 0.012292 0.024281
0 0.498511 0.563553 0.013658 0.031565
0 0.510120 0.564767 0.012292 0.033993
0 0.527192 0.568409 0.021853 0.036421
0 0.566117 0.576907 0.036876 0.077698
0 0.592750 0.596331 0.049168 0.077698
0 0.639870 0.612114 0.064192 0.109263
0 0.703378 0.635180 0.092873 0.140827
0 0.837772 0.661889 0.210331 0.262230
0 0.946351 0.676457 0.105165 0.281655
