0 0.840810 0.548568 0.013658 0.012140
0 0.853785 0.548568 0.012292 0.016996
0 0.866077 0.548568 0.017755 0.031565
0 0.887247 0.555852 0.035510 0.050989
0 0.912514 0.567992 0.031413 0.099550
0 0.948707 0.580133 0.073752 0.118975
0 0.747254 0.554638 0.015024 0.024281
0 0.776619 0.550996 0.010926 0.026709
0 0.786862 0.549782 0.009560 0.024281
0 0.793008 0.549782 0.008195 0.024281
0 0.734279 0.563136 0.013658 0.021853
0 0.719939 0.564350 0.015024 0.024281
0 0.590189 0.580133 0.012292 0.036421
0 0.575848 0.582561 0.021853 0.036421
0 0.555362 0.593487 0.040974 0.048561
0 0.517120 0.599557 0.046437 0.060701
0 0.321130 0.633550 0.110628 0.104407
0 0.217330 0.649332 0.091507 0.111691
0 0.308838 0.574063 0.025950 0.029137
0 0.279473 0.587417 0.035510 0.055845
2 0.633211 0.550996 0.081947 0.128687
0 0.454294 0.601985 0.090142 0.089838
0 0.698086 0.570421 0.039608 0.041277
0 0.762961 0.553424 0.019121 0.031565
0 0.112165 0.693038 0.222623 0.242806
0 0.971926 0.603199 0.054631 0.165108
0 0.399662 0.594701 0.024584 0.050989
0 0.368249 0.599557 0.032779 0.050989
0 0.818958 0.543712 0.016389 0.021853
