0 0.100377 0.468750 0.015820 0.023437
0 0.120152 0.480468 0.010547 0.018750
0 0.134654 0.483984 0.010547 0.035156
0 0.144542 0.487500 0.011865 0.028125
0 0.155088 0.486328 0.014502 0.030469
0 0.168931 0.491015 0.023730 0.030469
0 0.188707 0.494531 0.023730 0.042187
0 0.207823 0.509765 0.030322 0.053906
0 0.237440 0.514596 0.057916 0.063567
0 0.587039 0.558511 0.107729 0.115789
0 0.477427 0.547265 0.105469 0.082031
0 0.036436 0.472265 0.009229 0.021094
0 0.021275 0.468750 0.021094 0.046875
0 0.008751 0.496875 0.017139 0.056250
0 0.079283 0.469922 0.015820 0.030469
0 0.058189 0.461718 0.015820 0.018750
0 0.060826 0.496875 0.052734 0.056250
