0 0.035215 0.364671 0.010723 0.017330
0 0.048375 0.374202 0.011698 0.019063
0 0.057148 0.380268 0.015597 0.020796
0 0.077619 0.388933 0.021446 0.024262
0 0.117586 0.448721 0.017547 0.046791
0 0.059098 0.440923 0.023395 0.045058
0 0.038139 0.444389 0.036068 0.058922
0 0.010357 0.459119 0.019496 0.060655
0 0.019131 0.454787 0.037043 0.058922
0 0.091266 0.444389 0.044841 0.058922
0 0.572943 0.402921 0.027295 0.024262
1 0.585842 0.382867 0.069211 0.036393
0 0.374083 0.409853 0.016572 0.020796
0 0.328267 0.413319 0.016572 0.024262
0 0.621278 0.393100 0.031194 0.036393
