0 0.655071 0.423716 0.130624 0.161168
0 0.577086 0.408120 0.062388 0.098781
0 0.542968 0.381258 0.033143 0.062388
0 0.526396 0.385591 0.025345 0.043325
0 0.512262 0.378659 0.018521 0.043325
0 0.501539 0.376059 0.024370 0.045058
0 0.030706 0.415918 0.061413 0.069320
0 0.085783 0.411586 0.048740 0.053723
0 0.134036 0.404654 0.039967 0.046791
0 0.187163 0.396855 0.052640 0.051990
0 0.232004 0.394256 0.031194 0.046791
0 0.275871 0.386457 0.040942 0.048524
0 0.343620 0.365661 0.032169 0.027728
0 0.369940 0.362195 0.018521 0.024262
0 0.386024 0.360462 0.009748 0.017330
0 0.400159 0.355263 0.012673 0.017330
0 0.414293 0.352664 0.013647 0.019063
0 0.431840 0.358729 0.017547 0.027728
0 0.470832 0.360462 0.021446 0.020796
0 0.452798 0.361329 0.016572 0.025995
