0 0.142947 0.718784 0.111854 0.102162
0 0.903861 0.772601 0.188818 0.403176
2 0.732489 0.640338 0.252441 0.353919
0 0.227094 0.696892 0.064649 0.087568
0 0.277377 0.695067 0.035916 0.062027
0 0.306623 0.687770 0.026681 0.062027
0 0.328686 0.684122 0.021550 0.054730
0 0.343053 0.683209 0.013340 0.031014
0 0.357932 0.685946 0.016419 0.040135
0 0.371786 0.683209 0.011288 0.031014
0 0.382048 0.682297 0.007183 0.029189
0 0.590876 0.703277 0.059519 0.103986
0 0.554959 0.699628 0.032838 0.078446
0 0.550855 0.689594 0.049257 0.076622
0 0.525200 0.693243 0.018471 0.051081
0 0.513912 0.686858 0.016419 0.041959
0 0.501085 0.683209 0.017445 0.038311
0 0.391283 0.681385 0.011288 0.027365
0 0.404111 0.676824 0.010262 0.025541
0 0.424634 0.674088 0.014367 0.027365
0 0.436948 0.673176 0.008209 0.018243
0 0.463116 0.673176 0.011288 0.018243
0 0.490823 0.684122 0.013340 0.032838
0 0.481587 0.669527 0.017445 0.029189
