0 0.426783 0.665640 0.062014 0.064484
0 0.410987 0.686441 0.032762 0.056163
0 0.384076 0.689561 0.039782 0.066564
0 0.319722 0.701002 0.098286 0.114407
2 0.316211 0.642759 0.100626 0.114407
0 0.217341 0.710363 0.106476 0.116487
0 0.095068 0.691641 0.028082 0.074884
0 0.176388 0.678121 0.031592 0.035362
0 0.466565 0.663560 0.019891 0.035362
0 0.486457 0.667720 0.019891 0.031202
0 0.561341 0.650039 0.015211 0.020801
0 0.711695 0.710363 0.037442 0.104006
0 0.616919 0.714523 0.168490 0.158089
0 0.516147 0.703082 0.083953 0.110247
0 0.014437 0.751965 0.028874 0.093606
