0 0.958452 0.617479 0.032745 0.020791
0 0.941690 0.611935 0.011695 0.015246
0 0.926877 0.619558 0.036643 0.027721
2 0.817336 0.624409 0.043660 0.037423
1 0.892572 0.607777 0.038203 0.031879
1 0.851251 0.609163 0.044440 0.040195
0 0.769886 0.615895 0.015593 0.018018
0 0.748836 0.614509 0.024949 0.020791
0 0.705955 0.617974 0.026508 0.013860
0 0.651436 0.637379 0.036643 0.058214
0 0.534879 0.633221 0.015593 0.016632
0 0.425728 0.647774 0.014034 0.012474
0 0.471727 0.641537 0.012474 0.013860
0 0.290070 0.647774 0.029627 0.015246
0 0.262782 0.650546 0.029627 0.015246
2 0.620250 0.645200 0.063151 0.073460
