0 0.622415 0.597882 0.069211 0.086650
0 0.578061 0.589217 0.021446 0.069320
0 0.566851 0.577953 0.041917 0.067587
0 0.541018 0.582285 0.021446 0.048524
0 0.525909 0.577086 0.016572 0.034660
0 0.515673 0.576220 0.013647 0.032927
0 0.269047 0.595283 0.081884 0.077985
0 0.318222 0.589217 0.032274 0.062388
0 0.346544 0.580552 0.020471 0.051990
0 0.361654 0.579686 0.013647 0.039859
0 0.374814 0.580552 0.020471 0.038126
0 0.393822 0.571887 0.021446 0.027728
0 0.412344 0.572754 0.011698 0.022529
0 0.425016 0.568421 0.011698 0.020796
