0 0.475852 0.496224 0.008030 0.020393
0 0.467822 0.494184 0.005735 0.020393
0 0.458072 0.492145 0.011471 0.024471
0 0.446601 0.498263 0.011471 0.028550
0 0.437424 0.500302 0.009177 0.028550
0 0.428248 0.500302 0.013765 0.032628
0 0.419645 0.502341 0.012618 0.040785
0 0.483882 0.497243 0.014912 0.022432
0 0.321759 0.519675 0.074561 0.116239
0 0.267846 0.533950 0.060796 0.124396
0 0.193285 0.540748 0.154857 0.193731
0 0.092914 0.550604 0.167475 0.232477
0 0.393070 0.498943 0.041295 0.065257
0 0.507015 0.504041 0.032119 0.042825
0 0.579090 0.558082 0.065384 0.134592
0 0.603753 0.571337 0.068826 0.152946
0 0.796464 0.617900 0.405306 0.445921
0 0.037608 0.636691 0.075216 0.157024
0 0.894158 0.851834 0.209918 0.289577
