0 0.458466 0.443878 0.011193 0.016837
0 0.442969 0.440051 0.009471 0.018367
0 0.452870 0.455357 0.017219 0.018367
0 0.433929 0.449235 0.013776 0.015306
0 0.414987 0.456888 0.022385 0.027551
0 0.497210 0.456123 0.009471 0.019898
0 0.503237 0.457653 0.009471 0.019898
0 0.511416 0.459949 0.017219 0.027551
0 0.520456 0.463010 0.019802 0.033673
0 0.528205 0.467602 0.021524 0.033673
0 0.553173 0.479082 0.047353 0.068878
0 0.569532 0.492092 0.050797 0.070408
0 0.629369 0.515723 0.103316 0.127228
0 0.345679 0.475834 0.031856 0.050510
0 0.476321 0.478470 0.049075 0.082653
0 0.374296 0.489184 0.065434 0.085714
0 0.201671 0.506786 0.123119 0.120918
