0 0.281365 0.431633 0.056824 0.076531
0 0.321658 0.404847 0.049592 0.078061
0 0.505648 0.415561 0.028412 0.044388
0 0.579260 0.414031 0.022385 0.041327
0 0.611977 0.414031 0.051658 0.065816
0 0.622309 0.421684 0.032717 0.053571
0 0.657781 0.425510 0.056824 0.067347
0 0.756276 0.467602 0.170472 0.148469
0 0.906478 0.513521 0.184248 0.338265
0 0.567896 0.382653 0.036161 0.039796
0 0.363674 0.404847 0.030995 0.062755
0 0.546888 0.443112 0.074043 0.093367
0 0.433757 0.465459 0.134311 0.231123
0 0.108052 0.434847 0.024968 0.041327
0 0.144643 0.436425 0.012054 0.035299
0 0.984707 0.851912 0.029779 0.172059
