0 0.507660 0.535102 0.014636 0.018367
0 0.542960 0.535102 0.019802 0.024490
0 0.595909 0.540459 0.013776 0.026020
0 0.609255 0.538929 0.012915 0.038265
0 0.442226 0.539694 0.026690 0.027551
0 0.351323 0.552663 0.069739 0.068878
1 0.526100 0.526642 0.018080 0.035204
2 0.638026 0.526642 0.047353 0.084184
0 0.696955 0.512755 0.046492 0.032143
0 0.641853 0.546429 0.039605 0.044388
0 0.725367 0.538776 0.046492 0.065816
0 0.782191 0.515817 0.053380 0.019898
0 0.784131 0.546534 0.108918 0.080912
0 0.683180 0.547959 0.058546 0.062755
0 0.872972 0.552683 0.217723 0.132389
1 0.135842 0.457170 0.271684 0.734694
