0 0.058035 0.627664 0.116071 0.180000
0 0.437840 0.578851 0.070360 0.106780
0 0.536945 0.531562 0.009439 0.027458
0 0.528793 0.533851 0.017161 0.022881
0 0.516781 0.534613 0.013729 0.024407
0 0.508629 0.530037 0.016303 0.021356
0 0.476881 0.541478 0.045477 0.050339
0 0.586712 0.535376 0.012871 0.016780
0 0.602157 0.535376 0.014587 0.019831
0 0.612882 0.533851 0.012013 0.022881
0 0.623179 0.534613 0.020593 0.039661
0 0.643343 0.541478 0.040328 0.053390
0 0.652782 0.561308 0.031748 0.053390
0 0.674662 0.567410 0.044619 0.059492
0 0.717993 0.577325 0.081515 0.097627
0 0.550245 0.538427 0.025742 0.041186
0 0.508629 0.601732 0.081515 0.118983
0 0.568264 0.535376 0.010297 0.016780
