0 0.399572 0.579552 0.014037 0.016220
0 0.374307 0.583295 0.008422 0.013725
0 0.372201 0.577056 0.008422 0.016220
0 0.358516 0.575185 0.027371 0.024954
0 0.417469 0.572689 0.023160 0.032440
0 0.442735 0.585166 0.013335 0.014972
0 0.531165 0.587038 0.014738 0.013725
0 0.545201 0.580799 0.023160 0.031192
0 0.561928 0.577680 0.014037 0.032440
0 0.577719 0.580799 0.025968 0.036183
0 0.496307 0.575185 0.048426 0.074861
0 0.729079 0.598267 0.121416 0.128512
0 0.880206 0.640273 0.200020 0.195887
0 0.965127 0.661483 0.068077 0.170933
0 0.221952 0.580799 0.033688 0.031192
0 0.254236 0.580799 0.049128 0.046164
0 0.128259 0.583295 0.077903 0.096072
0 0.052461 0.603258 0.104572 0.103558
