0 0.472470 0.557336 0.013727 0.019967
0 0.457495 0.574530 0.029951 0.049918
0 0.423176 0.577304 0.057405 0.077650
0 0.596328 0.592279 0.068013 0.074322
0 0.820602 0.593388 0.028079 0.045481
0 0.217265 0.580077 0.092348 0.118693
0 0.134277 0.598935 0.152249 0.138661
0 0.480983 0.571361 0.016847 0.027732
2 0.489718 0.563596 0.021839 0.045481
0 0.333012 0.605986 0.155369 0.206327
0 0.532639 0.588238 0.064893 0.110928
2 0.518709 0.539683 0.025583 0.033088
0 0.046049 0.623418 0.091100 0.148644
0 0.797340 0.579971 0.035566 0.056574
