0 0.017977 0.384536 0.035954 0.030928
0 0.026095 0.392784 0.038273 0.018557
0 0.046972 0.396907 0.022036 0.022680
2 0.088724 0.386942 0.059149 0.049485
2 0.118299 0.391065 0.046392 0.045361
2 0.136276 0.396220 0.012758 0.047423
0 0.268492 0.426804 0.017397 0.053608
0 0.283570 0.402062 0.045232 0.065979
1 0.311405 0.400687 0.033634 0.037113
2 0.204704 0.400000 0.131057 0.239175
0 0.370747 0.406529 0.030155 0.018557
0 0.387565 0.409622 0.012758 0.016495
0 0.375967 0.412715 0.017397 0.026804
0 0.401482 0.414777 0.017397 0.030928
0 0.415979 0.415808 0.018557 0.032990
0 0.432217 0.413746 0.011598 0.028866
0 0.466430 0.413746 0.017397 0.024742
0 0.450773 0.418900 0.023196 0.035052
0 0.480348 0.414777 0.015077 0.018557
0 0.491366 0.424055 0.013918 0.028866
0 0.504124 0.428179 0.018557 0.024742
0 0.605026 0.427148 0.037113 0.026804
0 0.559214 0.442612 0.068428 0.049485
0 0.689884 0.439519 0.031314 0.035052
0 0.643492 0.446735 0.075387 0.061856
0 0.716559 0.445705 0.040593 0.030928
0 0.755219 0.448797 0.052191 0.049485
0 0.794652 0.438488 0.040593 0.024742
0 0.834665 0.443643 0.037113 0.022680
0 0.809730 0.464261 0.068428 0.043299
0 0.872745 0.461168 0.059149 0.049485
0 0.897681 0.469416 0.090464 0.057732
0 0.958570 0.465292 0.033634 0.041237
0 0.971907 0.477663 0.053351 0.065979
