0 0.860237 0.663595 0.211536 0.148454
0 0.271972 0.633333 0.015077 0.026804
0 0.255735 0.634364 0.019716 0.032990
0 0.242977 0.643643 0.017397 0.035052
0 0.228479 0.647766 0.016237 0.035052
0 0.216881 0.652921 0.018557 0.041237
0 0.310245 0.635395 0.010438 0.018557
0 0.328802 0.631272 0.010438 0.022680
0 0.335180 0.636426 0.011598 0.024742
0 0.346778 0.638488 0.018557 0.041237
0 0.354317 0.641581 0.012758 0.039175
0 0.360116 0.639519 0.015077 0.051546
0 0.367075 0.645705 0.019716 0.063918
0 0.375193 0.657045 0.017397 0.061856
0 0.387371 0.663230 0.025515 0.078351
0 0.116835 0.678763 0.046392 0.086598
0 0.420121 0.669485 0.070747 0.096907
0 0.194541 0.658144 0.041753 0.049485
2 0.058997 0.681856 0.117995 0.113402
