0 0.446782 0.563136 0.015024 0.026709
0 0.461806 0.564350 0.025950 0.029137
0 0.489804 0.564350 0.030047 0.063130
0 0.509608 0.571635 0.034145 0.072842
0 0.535558 0.575277 0.045071 0.080126
0 0.577214 0.584989 0.071021 0.109263
0 0.674868 0.582561 0.159797 0.182104
0 0.859249 0.622624 0.277254 0.228238
0 0.370981 0.566778 0.010926 0.019424
0 0.359372 0.567992 0.012292 0.021853
0 0.345714 0.570421 0.012292 0.021853
0 0.328642 0.575277 0.019121 0.031565
0 0.305423 0.576491 0.024584 0.033993
0 0.286985 0.578919 0.020487 0.043705
0 0.269913 0.580133 0.027316 0.050989
0 0.254889 0.586203 0.027316 0.048561
0 0.230305 0.589845 0.032779 0.055845
0 0.181137 0.595915 0.073752 0.092266
0 0.409906 0.576491 0.066923 0.106835
