0 0.502428 0.432666 0.009361 0.016641
0 0.438776 0.457835 0.009361 0.014561
0 0.431171 0.461996 0.010531 0.018721
0 0.405429 0.468236 0.012871 0.014561
0 0.395484 0.478637 0.011701 0.022881
0 0.406014 0.489037 0.018721 0.022881
0 0.372667 0.498398 0.015211 0.024961
0 0.366232 0.502558 0.016381 0.024961
0 0.357456 0.508799 0.022231 0.024961
0 0.349851 0.512959 0.016381 0.029122
0 0.324694 0.512959 0.015211 0.024961
0 0.316504 0.528560 0.019891 0.031202
0 0.300123 0.533760 0.031592 0.033282
0 0.258586 0.551441 0.035102 0.035362
0 0.284327 0.556641 0.046803 0.045763
0 0.217399 0.558722 0.042123 0.020801
0 0.164161 0.580563 0.057333 0.031202
0 0.155385 0.645047 0.107646 0.122727
0 0.059089 0.644007 0.078395 0.087365
0 0.016381 0.659608 0.032762 0.089445
0 0.514129 0.430794 0.011701 0.010401
0 0.515299 0.441194 0.011701 0.010401
0 0.515884 0.448475 0.010531 0.008320
0 0.520564 0.452635 0.012871 0.012481
0 0.522319 0.463036 0.014041 0.016641
0 0.524659 0.472396 0.016381 0.014561
0 0.528755 0.481757 0.017551 0.024961
0 0.532265 0.491117 0.019891 0.027042
0 0.539870 0.500478 0.023401 0.033282
0 0.543381 0.513999 0.025742 0.035362
0 0.556836 0.532720 0.033932 0.056163
0 0.563272 0.555601 0.042123 0.060324
0 0.577898 0.571202 0.050313 0.074884
0 0.600129 0.604484 0.069034 0.095686
0 0.551895 0.772766 0.002340 0.018721
2 0.225446 0.600463 0.074884 0.087365
0 0.033743 0.886480 0.067486 0.222573
