0 0.384368 0.510047 0.012871 0.016641
0 0.372082 0.515247 0.014041 0.022881
0 0.358041 0.530848 0.023401 0.020801
0 0.331130 0.536048 0.016381 0.031202
0 0.312409 0.530848 0.023401 0.041602
0 0.293688 0.537088 0.023401 0.045763
0 0.171562 0.551233 0.108524 0.114407
0 0.060259 0.572762 0.120517 0.140824
0 0.260633 0.543693 0.052653 0.066044
0 0.459838 0.514415 0.007020 0.018721
0 0.473293 0.526896 0.038612 0.052003
0 0.496110 0.522735 0.018721 0.039522
0 0.520096 0.523775 0.038612 0.070724
0 0.555783 0.525856 0.044463 0.087365
0 0.581525 0.539376 0.060844 0.097766
0 0.660505 0.550817 0.139238 0.120647
0 0.846350 0.572190 0.304412 0.279465
