0 0.364038 0.458073 0.008190 0.027042
0 0.353507 0.461193 0.012871 0.041602
0 0.341807 0.462233 0.010531 0.043683
0 0.330106 0.467434 0.036272 0.049923
0 0.279208 0.480955 0.044463 0.081125
0 0.239645 0.493435 0.067425 0.089445
0 0.378664 0.459113 0.032762 0.041602
0 0.305535 0.507996 0.087755 0.101926
0 0.448868 0.452873 0.032762 0.049923
0 0.478705 0.448713 0.008190 0.041602
0 0.489236 0.447673 0.022231 0.039522
0 0.490991 0.457033 0.018721 0.041602
0 0.512637 0.461193 0.024571 0.054083
0 0.532528 0.478874 0.038612 0.081125
0 0.573481 0.490315 0.071374 0.124807
