0 0.532120 0.630942 0.008544 0.018565
0 0.542088 0.630098 0.013291 0.030380
0 0.559177 0.634318 0.030380 0.032067
0 0.582911 0.645288 0.026582 0.060759
0 0.600949 0.652039 0.043671 0.074262
0 0.634177 0.663853 0.055063 0.111392
0 0.406804 0.636849 0.008544 0.016878
0 0.398734 0.636849 0.011392 0.027004
0 0.386392 0.637693 0.005696 0.015190
0 0.379747 0.640225 0.013291 0.020253
0 0.354114 0.641069 0.007595 0.015190
0 0.329905 0.634318 0.014240 0.018565
0 0.339873 0.643600 0.020886 0.023629
0 0.316539 0.647043 0.031974 0.020388
0 0.046691 0.676529 0.091783 0.060759
2 0.122487 0.668090 0.063608 0.057384
0 0.034424 0.667247 0.068848 0.065823
0 0.691614 0.688780 0.143354 0.162559
0 0.877584 0.787781 0.242089 0.410126
