0 0.577637 0.547073 0.018721 0.016641
0 0.596943 0.544993 0.019891 0.024961
0 0.612154 0.546033 0.015211 0.018721
0 0.623855 0.543953 0.015211 0.018721
0 0.633800 0.542913 0.016381 0.024961
0 0.646671 0.541872 0.016381 0.027042
0 0.664807 0.540832 0.019891 0.029122
0 0.680018 0.547073 0.024571 0.029122
0 0.699909 0.543953 0.031592 0.031202
0 0.763678 0.540832 0.058504 0.049923
0 0.302085 0.564754 0.052653 0.035362
0 0.443079 0.550193 0.016381 0.022881
0 0.468820 0.549153 0.014041 0.012481
0 0.539610 0.541872 0.012871 0.018721
0 0.516208 0.544993 0.015211 0.016641
0 0.497487 0.544993 0.015211 0.016641
0 0.137105 0.588675 0.071374 0.037442
0 0.201459 0.574114 0.047973 0.029122
0 0.957325 0.535632 0.083075 0.089445
