0 0.295797 0.481509 0.007796 0.013860
0 0.293069 0.513388 0.008576 0.016632
0 0.309051 0.505765 0.009356 0.018018
0 0.313340 0.520318 0.016373 0.027721
0 0.329712 0.521704 0.031965 0.055441
0 0.353881 0.518932 0.022610 0.033265
0 0.361288 0.527248 0.026508 0.038809
0 0.378830 0.526555 0.022610 0.045739
0 0.391694 0.534178 0.028067 0.052669
0 0.405728 0.534178 0.031186 0.063758
0 0.432235 0.534871 0.056134 0.081776
0 0.468099 0.546653 0.073287 0.097023
0 0.517607 0.559127 0.084981 0.116427
0 0.606876 0.562592 0.146573 0.170482
0 0.829543 0.618034 0.338366 0.281365
2 0.264828 0.514220 0.053016 0.091478
0 0.237150 0.532931 0.013254 0.040195
0 0.228964 0.532931 0.015593 0.048511
0 0.211256 0.538129 0.039429 0.067223
0 0.169768 0.562731 0.058473 0.081776
0 0.119870 0.572433 0.081863 0.115041
0 0.076990 0.601540 0.080303 0.128901
0 0.026703 0.602926 0.051457 0.178799
