0 0.130999 0.562293 0.065850 0.052306
0 0.236079 0.559802 0.043433 0.037362
0 0.374083 0.562293 0.016813 0.032380
0 0.449040 0.559802 0.018214 0.052306
0 0.460249 0.578483 0.015412 0.044834
0 0.468655 0.580973 0.018214 0.049816
0 0.490371 0.580973 0.036428 0.054797
0 0.794752 0.625807 0.011208 0.024908
0 0.782493 0.625185 0.012610 0.034871
0 0.764279 0.625185 0.021016 0.039852
0 0.741161 0.621449 0.028021 0.052306
0 0.697729 0.616467 0.075657 0.062269
0 0.862353 0.630789 0.054641 0.074723
0 0.414364 0.575992 0.051839 0.079705
0 0.350265 0.568520 0.036428 0.054797
0 0.280212 0.563538 0.033625 0.049816
0 0.308233 0.562293 0.016813 0.042343
0 0.322244 0.558556 0.016813 0.039852
