0 0.373277 0.519609 0.013184 0.016406
0 0.217051 0.537187 0.040869 0.032812
0 0.410191 0.526640 0.018457 0.025781
0 0.436558 0.523125 0.031641 0.023437
0 0.461607 0.527812 0.023730 0.023437
0 0.487315 0.523125 0.027686 0.028125
0 0.510386 0.524297 0.018457 0.021094
0 0.530161 0.524297 0.026367 0.025781
0 0.553233 0.517265 0.035596 0.030469
0 0.607945 0.512578 0.029004 0.030469
0 0.622446 0.510234 0.018457 0.021094
0 0.644859 0.511406 0.042187 0.028125
0 0.690342 0.510234 0.046143 0.035156
0 0.723301 0.513750 0.038232 0.023437
0 0.762852 0.511406 0.040869 0.028125
0 0.805114 0.508898 0.048930 0.037171
0 0.867661 0.513750 0.042187 0.032812
0 0.901279 0.509062 0.032959 0.032812
0 0.930942 0.509062 0.031641 0.032812
0 0.961265 0.507890 0.023730 0.025781
0 0.991587 0.498515 0.015820 0.044531
