0 0.417375 0.453697 0.009360 0.015530
0 0.410200 0.453143 0.008736 0.012202
0 0.408328 0.455361 0.008736 0.014421
0 0.402400 0.455361 0.005616 0.016639
0 0.393664 0.456471 0.013103 0.021076
0 0.384305 0.459799 0.014351 0.025514
0 0.373073 0.466454 0.020591 0.025514
0 0.354978 0.470891 0.019343 0.052136
0 0.339067 0.472555 0.034942 0.046590
0 0.318476 0.485867 0.048670 0.057683
0 0.438590 0.453697 0.014351 0.017749
0 0.442334 0.454807 0.006864 0.017749
0 0.454190 0.452034 0.020591 0.038825
0 0.457310 0.454807 0.018095 0.028841
0 0.461365 0.463126 0.022463 0.036606
0 0.464797 0.466454 0.023087 0.036606
0 0.494436 0.465900 0.047422 0.084306
0 0.595956 0.442605 0.070509 0.026623
0 0.568502 0.517481 0.101708 0.134223
0 0.662396 0.557054 0.192709 0.248865
0 0.834365 0.657166 0.330706 0.453697
0 0.227937 0.523804 0.060525 0.124240
0 0.143330 0.541503 0.141135 0.197354
0 0.035442 0.583040 0.069885 0.343878
