0 0.219689 0.527856 0.011077 0.013128
0 0.229535 0.530044 0.013538 0.013128
0 0.239381 0.533326 0.020923 0.024068
0 0.257227 0.532232 0.014769 0.026256
0 0.274458 0.535514 0.019692 0.019692
0 0.275689 0.550830 0.022154 0.037196
0 0.303996 0.539890 0.024615 0.028444
0 0.324919 0.546454 0.032000 0.045948
0 0.340765 0.558488 0.031692 0.061264
0 0.185228 0.561770 0.030769 0.063452
0 0.530762 0.561770 0.072614 0.107212
0 0.587777 0.568498 0.143198 0.137516
0 0.286765 0.559765 0.034461 0.043031
0 0.372672 0.560129 0.061538 0.087520
0 0.103383 0.649291 0.206767 0.352269
0 0.776605 0.715478 0.445533 0.564505
