0 0.534776 0.457500 0.030322 0.042187
0 0.520933 0.462187 0.034277 0.060937
0 0.495225 0.480937 0.046143 0.089062
0 0.466880 0.484453 0.036914 0.110156
0 0.319224 0.506718 0.100195 0.121875
0 0.563780 0.461015 0.017139 0.044531
0 0.639585 0.465703 0.023730 0.030469
0 0.656724 0.466875 0.021094 0.051562
0 0.679795 0.471562 0.046143 0.079687
1 0.407554 0.421172 0.116016 0.100781
0 0.741099 0.477422 0.108105 0.138281
0 0.593443 0.479765 0.071191 0.124219
0 0.406236 0.506718 0.134473 0.150000
0 0.147088 0.578203 0.294175 0.372656
