0 0.011539 0.549563 0.021830 0.087320
0 0.040775 0.521843 0.038203 0.037423
0 0.199433 0.534317 0.065490 0.076232
0 0.354544 0.504517 0.019491 0.018018
0 0.333298 0.509992 0.007017 0.020929
0 0.308057 0.512833 0.021635 0.029107
0 0.289054 0.515606 0.027288 0.040195
0 0.425492 0.516299 0.021050 0.041581
0 0.483575 0.527387 0.065490 0.097023
0 0.397034 0.516299 0.057694 0.077618
0 0.341485 0.507844 0.007796 0.016632
0 0.275215 0.523090 0.028067 0.041581
0 0.549338 0.550118 0.118506 0.128901
0 0.103516 0.547441 0.136438 0.153850
0 0.684352 0.515562 0.094337 0.098409
0 0.823518 0.625752 0.349281 0.490657
0 0.249225 0.513444 0.023401 0.039522
