0 0.074066 0.158701 0.143455 0.259189
0 0.173861 0.129594 0.099795 0.159394
0 0.230385 0.112962 0.047558 0.103953
0 0.262351 0.101874 0.042881 0.081776
0 0.287299 0.099102 0.024169 0.065144
0 0.303672 0.093557 0.019491 0.062372
0 0.317706 0.086627 0.021050 0.056827
0 0.329790 0.083855 0.015593 0.029107
0 0.950388 0.473331 0.095117 0.336807
0 0.825645 0.266812 0.339925 0.375616
0 0.629174 0.171869 0.151251 0.199589
0 0.550430 0.136525 0.093557 0.151078
0 0.482601 0.112269 0.051457 0.072074
0 0.465059 0.099102 0.042881 0.065144
0 0.438940 0.098409 0.014034 0.036037
0 0.430754 0.083855 0.019491 0.026335
0 0.367213 0.086627 0.021830 0.034651
0 0.398789 0.100488 0.047558 0.079004
2 0.397619 0.058214 0.028067 0.022177
2 0.322383 0.053362 0.031965 0.026335
