0 0.961308 0.446329 0.076125 0.163065
0 0.461896 0.367728 0.009984 0.013311
0 0.450040 0.368283 0.011232 0.014421
0 0.440057 0.368837 0.012479 0.022186
0 0.433505 0.369392 0.008112 0.021076
0 0.420090 0.371610 0.019967 0.027732
0 0.405738 0.375493 0.014975 0.031060
0 0.395755 0.369946 0.009984 0.028841
0 0.389203 0.373829 0.019343 0.043262
0 0.377347 0.375493 0.018095 0.046590
0 0.359564 0.377711 0.036190 0.048809
0 0.324310 0.382149 0.050542 0.057683
0 0.256609 0.386031 0.087356 0.098726
0 0.481551 0.366619 0.008112 0.015530
0 0.488727 0.370501 0.007488 0.025514
0 0.501206 0.369946 0.023711 0.048809
0 0.493094 0.372720 0.004992 0.023295
0 0.517117 0.376048 0.033071 0.065448
0 0.522109 0.386031 0.019343 0.067666
0 0.555492 0.381039 0.067389 0.117584
0 0.576707 0.405444 0.092348 0.130896
0 0.052570 0.419864 0.104827 0.175267
