0 0.353387 0.363004 0.010520 0.011902
0 0.360560 0.363004 0.009564 0.015302
0 0.364864 0.364704 0.010520 0.018703
0 0.375384 0.367255 0.010520 0.010202
0 0.378731 0.361304 0.011477 0.015302
0 0.391643 0.361304 0.016259 0.018703
0 0.419378 0.374056 0.023910 0.037406
0 0.326130 0.378306 0.015302 0.018703
0 0.328521 0.367255 0.012433 0.013602
0 0.297055 0.362154 0.011477 0.013602
0 0.309967 0.365554 0.012433 0.013602
0 0.313314 0.371505 0.017215 0.011902
0 0.284622 0.363854 0.007651 0.013602
0 0.279840 0.367255 0.007651 0.013602
0 0.272667 0.367255 0.008608 0.010202
0 0.258800 0.368955 0.019128 0.027204
0 0.240628 0.376606 0.021041 0.028904
0 0.296099 0.380006 0.017215 0.018703
0 0.286057 0.383407 0.006695 0.015302
0 0.212702 0.387658 0.036343 0.047607
0 0.113237 0.397859 0.053558 0.054408
0 0.114193 0.410611 0.043994 0.052708
0 0.162969 0.420813 0.089901 0.076511
0 0.180662 0.384257 0.025823 0.017003
0 0.492223 0.400410 0.015302 0.039106
0 0.248662 0.382557 0.024866 0.030605
0 0.273050 0.387658 0.027735 0.034005
0 0.312262 0.386808 0.020084 0.028904
0 0.016737 0.418262 0.033474 0.061209
0 0.392280 0.435831 0.100421 0.136020
0 0.542561 0.398199 0.102334 0.149622
0 0.444531 0.369295 0.015302 0.017003
0 0.960600 0.437305 0.078424 0.268640
