0 0.358109 0.364843 0.007346 0.014692
0 0.354436 0.373005 0.009182 0.011427
0 0.351682 0.380351 0.011019 0.009794
0 0.348927 0.387697 0.011019 0.011427
0 0.346172 0.393410 0.012855 0.009794
0 0.342040 0.399940 0.011937 0.016324
0 0.335613 0.408918 0.015610 0.021221
0 0.325512 0.409734 0.010101 0.022854
0 0.316789 0.412999 0.014692 0.022854
0 0.257655 0.419528 0.033056 0.035913
0 0.175473 0.435036 0.039484 0.047340
0 0.137826 0.444015 0.044993 0.052237
0 0.087232 0.453809 0.075295 0.065296
0 0.222670 0.429323 0.035811 0.039178
0 0.474357 0.407285 0.018365 0.034281
0 0.494282 0.405653 0.033974 0.034281
0 0.545703 0.407285 0.063358 0.057134
0 0.011937 0.470133 0.023874 0.075091
0 0.903209 0.378835 0.123961 0.164873
