0 0.318762 0.366528 0.007798 0.012131
0 0.320712 0.381258 0.009748 0.006932
0 0.343620 0.370860 0.008773 0.013864
0 0.328998 0.363928 0.008773 0.013864
0 0.330460 0.376059 0.009748 0.010398
0 0.330460 0.382991 0.009748 0.013864
0 0.351418 0.374326 0.010723 0.020796
0 0.348006 0.387324 0.017547 0.019063
0 0.310964 0.411586 0.009748 0.022529
0 0.314863 0.411586 0.009748 0.022529
0 0.328510 0.414185 0.021446 0.041592
0 0.369940 0.413319 0.010723 0.029461
0 0.304140 0.406387 0.005849 0.025995
2 0.289518 0.398588 0.025345 0.055456
0 0.283182 0.419384 0.014622 0.031194
0 0.266610 0.425449 0.032169 0.088383
2 0.393822 0.402921 0.031194 0.074519
0 0.353368 0.422850 0.036068 0.048524
0 0.466446 0.463575 0.178390 0.227022
0 0.610717 0.421983 0.032169 0.015597
2 0.819326 0.322336 0.357754 0.398588
0 0.131112 0.421789 0.260274 0.508156
