0 0.516036 0.243999 0.015850 0.023055
0 0.507391 0.249763 0.011528 0.016651
0 0.490460 0.263212 0.026657 0.040987
0 0.478932 0.259369 0.018012 0.030740
0 0.453716 0.271537 0.048271 0.062761
0 0.535849 0.314445 0.097263 0.143454
0 0.386712 0.292030 0.104468 0.137049
0 0.287648 0.251044 0.025937 0.037144
0 0.187142 0.251684 0.043949 0.038425
0 0.228569 0.293952 0.134007 0.122960
0 0.102487 0.255527 0.102307 0.066603
0 0.025397 0.519379 0.050433 0.248482
0 0.666254 0.272177 0.059079 0.048672
0 0.745146 0.268335 0.055476 0.061480
