0 0.415418 0.443112 0.012915 0.024490
0 0.399920 0.441582 0.021524 0.033673
0 0.383132 0.445408 0.022385 0.041327
0 0.454936 0.444949 0.017219 0.022959
0 0.494541 0.452602 0.013776 0.022959
0 0.488945 0.448776 0.014636 0.021429
0 0.503581 0.449541 0.016358 0.029082
0 0.515204 0.456429 0.018941 0.036735
0 0.608189 0.482449 0.072321 0.101020
0 0.636945 0.500817 0.082653 0.110204
0 0.707975 0.524541 0.131728 0.154592
0 0.211368 0.462704 0.097290 0.111735
0 0.126767 0.466072 0.135172 0.151531
0 0.037382 0.473437 0.073494 0.220750
0 0.866026 0.575901 0.265634 0.245067
0 0.363329 0.447398 0.041327 0.050510
0 0.533887 0.465000 0.033578 0.045918
0 0.437975 0.442959 0.018080 0.030612
