0 0.472813 0.477422 0.030322 0.053906
0 0.557847 0.471562 0.029004 0.065625
0 0.573667 0.490312 0.042187 0.093750
0 0.606626 0.500859 0.076465 0.114844
0 0.659361 0.526640 0.113379 0.133594
0 0.339659 0.443437 0.040869 0.060937
0 0.329771 0.462187 0.034277 0.060937
0 0.296153 0.466875 0.046143 0.070312
0 0.265171 0.468047 0.042187 0.086719
0 0.207823 0.463359 0.090967 0.147656
0 0.117515 0.471562 0.134473 0.182812
0 0.378550 0.463359 0.023730 0.039844
0 0.843272 0.560625 0.312451 0.300000
0 0.989609 0.746953 0.019775 0.180469
0 0.034368 0.473906 0.068736 0.267187
0 0.509068 0.492656 0.065918 0.093750
