0 0.480738 0.428386 0.023917 0.036142
0 0.536944 0.419882 0.023917 0.031890
0 0.455027 0.436890 0.032288 0.036142
0 0.418553 0.440079 0.045443 0.055276
0 0.379688 0.445394 0.025113 0.031890
0 0.353976 0.450709 0.028701 0.042520
0 0.316307 0.464528 0.046639 0.053150
0 0.111216 0.507047 0.110020 0.125433
0 0.036474 0.521929 0.072948 0.121181
0 0.585377 0.422008 0.013155 0.031890
0 0.602717 0.424134 0.035876 0.048898
0 0.620057 0.427323 0.027505 0.051024
0 0.636799 0.437953 0.034680 0.072283
0 0.677458 0.437953 0.072948 0.080787
