0 0.037423 0.580749 0.073287 0.133059
0 0.119676 0.546791 0.109930 0.117813
0 0.511837 0.512833 0.014813 0.036037
0 0.231555 0.547484 0.124743 0.124743
0 0.538345 0.528080 0.069388 0.088706
0 0.607734 0.517685 0.055355 0.065144
0 0.413212 0.503131 0.031186 0.036037
0 0.309129 0.517685 0.027288 0.042967
0 0.325502 0.516299 0.011695 0.034651
0 0.435042 0.491350 0.015593 0.023563
0 0.490007 0.502438 0.025728 0.042967
0 0.518854 0.483034 0.008576 0.023563
0 0.568362 0.503824 0.007796 0.037423
0 0.464279 0.492736 0.024169 0.029107
