0 0.166792 0.498389 0.029004 0.042187
0 0.484078 0.485889 0.014941 0.014062
0 0.607564 0.506201 0.022852 0.014062
0 0.626900 0.534326 0.028125 0.035937
0 0.726216 0.552295 0.070312 0.078125
0 0.789497 0.533545 0.065039 0.021875
0 0.879585 0.593701 0.118652 0.148437
0 0.499329 0.492857 0.013184 0.031250
0 0.534924 0.517076 0.033398 0.039062
0 0.483948 0.516295 0.028125 0.040625
0 0.587219 0.553366 0.078223 0.125858
0 0.781172 0.594531 0.133594 0.117187
0 0.026048 0.496826 0.052095 0.089062
0 0.962642 0.651514 0.072070 0.139062
0 0.331435 0.480905 0.023395 0.012131
0 0.303653 0.480039 0.016572 0.010398
0 0.282207 0.477439 0.014622 0.012131
0 0.207634 0.499968 0.044841 0.057189
0 0.519085 0.494769 0.010723 0.022529
