0 0.883338 0.625102 0.230775 0.332649
0 0.739494 0.571047 0.220640 0.205133
0 0.576938 0.539861 0.113828 0.131673
0 0.514566 0.528080 0.043660 0.085934
0 0.497804 0.532238 0.035084 0.069302
0 0.478702 0.525308 0.031186 0.066530
0 0.457262 0.517685 0.033525 0.054055
0 0.436601 0.519071 0.029627 0.034651
0 0.102523 0.529466 0.175420 0.141376
0 0.210894 0.522536 0.067829 0.113655
0 0.246758 0.515606 0.038203 0.085934
0 0.264300 0.509368 0.046779 0.081776
0 0.298214 0.509368 0.035084 0.076232
0 0.391772 0.510061 0.036643 0.055441
