0 0.315024 0.421639 0.014890 0.037059
0 0.288222 0.420315 0.017868 0.045000
0 0.276311 0.442815 0.041691 0.084706
0 0.372349 0.397815 0.013401 0.021176
0 0.361926 0.396492 0.016379 0.029118
0 0.348526 0.404433 0.019357 0.029118
0 0.332147 0.403110 0.019357 0.031765
0 0.342570 0.449433 0.052114 0.092647
2 0.304601 0.399139 0.032757 0.050294
2 0.117735 0.444517 0.081893 0.129706
2 0.040853 0.424383 0.080804 0.328041
0 0.271099 0.479874 0.040202 0.100588
0 0.425208 0.495757 0.187610 0.217059
0 0.743103 0.581786 0.510717 0.574412
0 0.203738 0.473705 0.149514 0.235492
