0 0.271836 0.348264 0.016398 0.024668
0 0.244085 0.340415 0.016398 0.022425
0 0.225163 0.342658 0.016398 0.017940
0 0.228948 0.360598 0.026490 0.031395
0 0.207503 0.357234 0.026490 0.042608
0 0.196781 0.360598 0.042888 0.044850
0 0.165877 0.362840 0.081992 0.040365
0 0.122358 0.360598 0.022706 0.026910
0 0.107851 0.347143 0.008830 0.022425
0 0.080731 0.350506 0.040365 0.033638
0 0.032797 0.365083 0.063071 0.044850
0 0.022075 0.371810 0.044150 0.049336
0 0.443641 0.329202 0.016398 0.026910
0 0.424089 0.331445 0.032797 0.040365
0 0.801758 0.251835 0.020183 0.029153
0 0.688861 0.294443 0.013876 0.020183
0 0.566377 0.313505 0.022706 0.031395
0 0.473032 0.317990 0.030274 0.031395
