0 0.065302 0.716104 0.130603 0.196673
0 0.363469 0.629908 0.058729 0.077698
0 0.497999 0.577705 0.013658 0.021853
0 0.821689 0.669971 0.251304 0.279227
0 0.400345 0.610484 0.034145 0.048561
0 0.419466 0.604413 0.015024 0.031565
0 0.422198 0.597129 0.023218 0.036421
0 0.434490 0.583775 0.017755 0.024281
0 0.444050 0.580133 0.012292 0.026709
0 0.450879 0.578919 0.006829 0.024281
0 0.457708 0.571635 0.015024 0.019424
0 0.467952 0.569207 0.008195 0.024281
0 0.667356 0.650547 0.084679 0.118975
0 0.604530 0.620196 0.054631 0.067986
0 0.573117 0.600771 0.038242 0.063130
0 0.554679 0.592273 0.031413 0.060701
0 0.530778 0.584989 0.019121 0.031565
0 0.517803 0.578919 0.015024 0.033993
