0 0.512736 0.370689 0.010518 0.020568
0 0.437272 0.344512 0.078882 0.013089
2 0.258340 0.361574 0.017617 0.047213
0 0.239592 0.366295 0.018932 0.028047
0 0.216979 0.367230 0.022087 0.029917
0 0.197522 0.368165 0.016828 0.031787
0 0.177012 0.370035 0.022087 0.028047
0 0.155977 0.370970 0.015776 0.033657
0 0.137571 0.370035 0.016828 0.035526
0 0.111803 0.370035 0.017880 0.035526
0 0.084141 0.369661 0.023139 0.034778
0 0.014199 0.371905 0.026294 0.028047
0 0.407559 0.568421 0.346031 0.441274
2 0.831494 0.389855 0.333265 0.779710
2 0.286080 0.367417 0.016828 0.020568
0 0.315004 0.362743 0.019984 0.020568
0 0.273459 0.370222 0.012621 0.028047
