0 0.094074 0.493614 0.030422 0.022881
0 0.033230 0.495694 0.042123 0.031202
0 0.374890 0.502974 0.014041 0.041602
0 0.394782 0.515455 0.044463 0.079045
0 0.570292 0.516495 0.021061 0.031202
0 0.527204 0.513063 0.032352 0.036818
0 0.552741 0.517535 0.028082 0.033282
0 0.597789 0.521695 0.036272 0.033282
0 0.647283 0.526896 0.051483 0.060324
0 0.688820 0.534176 0.026912 0.041602
0 0.735623 0.539376 0.066694 0.060324
0 0.920845 0.551857 0.079565 0.052003
0 0.974668 0.544577 0.049143 0.137288
0 0.437899 0.562674 0.085415 0.141448
0 0.210905 0.538752 0.139238 0.180971
