0 0.399463 0.475781 0.023730 0.028125
0 0.421875 0.474609 0.021094 0.035156
0 0.478564 0.476785 0.029004 0.023437
0 0.514819 0.476785 0.025049 0.023437
0 0.458789 0.475613 0.015820 0.025781
0 0.437036 0.492020 0.038232 0.058594
0 0.562468 0.500223 0.009229 0.018750
0 0.134473 0.508426 0.171387 0.166406
0 0.346728 0.524665 0.089648 0.109821
0 0.338818 0.461551 0.039551 0.021094
0 0.362549 0.458035 0.013184 0.014062
0 0.461425 0.526506 0.063281 0.086719
0 0.503613 0.494866 0.036914 0.056250
0 0.537231 0.486160 0.017139 0.032812
0 0.554370 0.495535 0.011865 0.018750
0 0.576123 0.495535 0.018457 0.023437
0 0.674529 0.490848 0.017139 0.014062
0 0.690349 0.502567 0.059326 0.037500
0 0.814275 0.502567 0.051416 0.032812
0 0.851848 0.510770 0.018457 0.021094
0 0.963908 0.661941 0.068555 0.107812
