0 0.937098 0.790160 0.124286 0.320504
0 0.096715 0.566778 0.193429 0.165108
0 0.869492 0.626266 0.229452 0.201529
0 0.985583 0.649332 0.027316 0.029137
0 0.218013 0.524287 0.131115 0.186961
0 0.300643 0.523073 0.045071 0.135971
0 0.337519 0.541284 0.028681 0.080126
0 0.355957 0.549782 0.019121 0.063130
0 0.370981 0.554638 0.021853 0.048561
2 0.392833 0.523073 0.032779 0.043705
2 0.415369 0.519431 0.009560 0.021853
2 0.462488 0.537642 0.016389 0.024281
2 0.441319 0.527929 0.015024 0.019424
0 0.407857 0.559494 0.046437 0.058273
0 0.595652 0.603199 0.165260 0.281655
0 0.431758 0.549782 0.020487 0.048561
2 0.518486 0.542498 0.035510 0.126259
0 0.492536 0.566778 0.019121 0.048561
0 0.730182 0.597129 0.111994 0.128687
0 0.473415 0.557066 0.016389 0.029137
