0 0.467098 0.570189 0.010926 0.031565
0 0.478707 0.571403 0.017755 0.033993
0 0.493048 0.570189 0.030047 0.046133
0 0.587970 0.577473 0.031413 0.060701
0 0.626212 0.575045 0.066923 0.099550
0 0.690404 0.592042 0.096971 0.123831
0 0.329837 0.569380 0.009560 0.021853
0 0.325739 0.574236 0.012292 0.021853
0 0.320276 0.576664 0.015024 0.031565
0 0.316862 0.579092 0.019121 0.026709
0 0.297058 0.581520 0.039608 0.050989
0 0.287497 0.591232 0.020487 0.055845
0 0.234062 0.574487 0.091848 0.109178
0 0.177552 0.603373 0.068289 0.094694
0 0.372176 0.565131 0.020487 0.031565
0 0.355104 0.562703 0.013658 0.016996
2 0.445928 0.563917 0.045071 0.072842
0 0.417930 0.586983 0.081947 0.109263
0 0.079079 0.611628 0.157065 0.138399
0 0.804310 0.607986 0.195307 0.189389
0 0.539348 0.576421 0.069655 0.106835
