2 0.366528 0.532895 0.017547 0.015597
0 0.371304 0.544159 0.010723 0.017330
0 0.385926 0.538094 0.018521 0.022529
0 0.351321 0.539827 0.011698 0.019063
0 0.338161 0.540693 0.012673 0.020796
0 0.257252 0.537227 0.088708 0.055456
0 0.176830 0.532895 0.038992 0.032927
0 0.423457 0.533761 0.025345 0.038126
0 0.453286 0.542600 0.027295 0.046791
0 0.486429 0.544333 0.025345 0.043325
0 0.511287 0.548665 0.024370 0.058922
0 0.541506 0.543466 0.055564 0.100514
0 0.591221 0.561663 0.096506 0.136906
0 0.644835 0.596322 0.116002 0.154236
0 0.805661 0.660270 0.319737 0.294609
1 0.049532 0.512966 0.099065 0.138639
