0 0.397722 0.323203 0.009748 0.015597
0 0.403570 0.322336 0.007798 0.027728
0 0.410882 0.326669 0.010723 0.029461
0 0.420630 0.340533 0.012673 0.029461
0 0.428915 0.350064 0.011698 0.038126
0 0.440613 0.348331 0.023395 0.051990
0 0.445487 0.358729 0.021446 0.045058
0 0.450361 0.365661 0.023395 0.048524
0 0.459622 0.371727 0.024370 0.060655
0 0.486429 0.385591 0.060438 0.088383
0 0.367990 0.318870 0.006824 0.013864
0 0.361166 0.320603 0.008773 0.010398
0 0.353368 0.324936 0.006824 0.019063
0 0.346544 0.325802 0.010723 0.020796
0 0.337771 0.329268 0.008773 0.024262
0 0.328023 0.328402 0.014622 0.025995
0 0.313401 0.331868 0.014622 0.025995
0 0.295854 0.344865 0.022421 0.045058
0 0.260761 0.350931 0.043866 0.064121
0 0.219819 0.373460 0.051665 0.067587
0 0.202760 0.386457 0.042892 0.083184
0 0.124775 0.395122 0.126725 0.145571
0 0.516648 0.412452 0.081884 0.110911
0 0.376276 0.321470 0.011698 0.022529
