2 0.577730 0.287491 0.007569 0.022425
0 0.568900 0.294892 0.010091 0.015698
0 0.561962 0.293771 0.011353 0.013455
0 0.554394 0.294892 0.013876 0.011213
0 0.543672 0.298256 0.010091 0.017940
0 0.536103 0.300498 0.010091 0.013455
0 0.531058 0.303862 0.010091 0.020183
0 0.520966 0.301619 0.015137 0.020183
0 0.505829 0.303862 0.017660 0.020183
0 0.489431 0.307226 0.015137 0.022425
0 0.453480 0.322923 0.026490 0.031395
0 0.429513 0.317317 0.021444 0.011213
0 0.397347 0.331893 0.020183 0.022425
0 0.372749 0.361046 0.061810 0.076246
0 0.325446 0.359925 0.045411 0.056063
0 0.274359 0.365531 0.071901 0.076246
0 0.213811 0.385714 0.099652 0.085216
0 0.424468 0.357682 0.066855 0.074003
0 0.587191 0.290407 0.011353 0.020183
0 0.602958 0.288164 0.010091 0.015698
0 0.611158 0.296013 0.008830 0.017940
0 0.616203 0.298256 0.008830 0.022425
0 0.622510 0.302741 0.008830 0.026910
0 0.630079 0.307226 0.011353 0.035880
1 0.666029 0.315075 0.075685 0.163704
1 0.824127 0.270972 0.325446 0.541943
