0 0.436603 0.549852 0.011982 0.018639
0 0.389049 0.556509 0.011233 0.021302
0 0.378564 0.559172 0.014229 0.023964
0 0.366956 0.562500 0.011982 0.025296
0 0.332133 0.555177 0.009736 0.015976
0 0.326142 0.557174 0.009736 0.017308
0 0.312287 0.562500 0.023964 0.025296
0 0.354974 0.567825 0.016476 0.030621
0 0.285702 0.552515 0.011233 0.015976
0 0.258742 0.554512 0.021718 0.019970
0 0.231782 0.557840 0.032202 0.034615
0 0.207068 0.570488 0.042687 0.038609
0 0.022092 0.597115 0.044185 0.123817
0 0.745520 0.550518 0.014229 0.041272
0 0.684860 0.562500 0.057665 0.070562
0 0.581139 0.531879 0.031453 0.035947
0 0.629817 0.533876 0.029956 0.058580
0 0.445215 0.555177 0.017224 0.023964
0 0.454202 0.549852 0.009736 0.018639
