0 0.242832 0.520785 0.012633 0.019963
0 0.462152 0.494584 0.003509 0.009982
0 0.482856 0.488969 0.011229 0.018715
0 0.579006 0.485850 0.018247 0.012477
0 0.608833 0.482107 0.010527 0.017468
0 0.638310 0.475245 0.014738 0.021211
0 0.622519 0.478364 0.016844 0.027449
0 0.662172 0.470254 0.023160 0.036183
0 0.920444 0.437814 0.044215 0.051155
0 0.785272 0.463392 0.061059 0.064880
2 0.414428 0.442722 0.080710 0.155961
0 0.853887 0.418392 0.109485 0.102311
0 0.163174 0.517666 0.072288 0.068623
0 0.317225 0.520162 0.137558 0.143484
0 0.513034 0.473997 0.049128 0.071118
0 0.051935 0.549108 0.103870 0.205869
0 0.261430 0.479736 0.025968 0.056146
