0 0.450679 0.527488 0.009597 0.012796
0 0.439282 0.540284 0.022793 0.038389
0 0.415889 0.542417 0.031191 0.046919
0 0.392496 0.545616 0.025193 0.053318
0 0.375101 0.549881 0.031191 0.066114
0 0.334313 0.549881 0.064781 0.100237
0 0.283328 0.568009 0.075578 0.102370
2 0.156766 0.568009 0.196742 0.213270
0 0.040594 0.592535 0.081188 0.240995
0 0.582639 0.547748 0.016795 0.049052
0 0.609032 0.548815 0.050385 0.081043
0 0.647292 0.565713 0.060238 0.127635
0 0.709802 0.584004 0.115166 0.185545
0 0.838763 0.617061 0.265121 0.281516
0 0.510661 0.560545 0.136759 0.279384
