0 0.441677 0.449082 0.011365 0.016531
0 0.371422 0.458265 0.023763 0.027551
0 0.341977 0.461939 0.030995 0.038571
0 0.321830 0.464694 0.021696 0.040408
0 0.286703 0.462857 0.056824 0.062449
0 0.407583 0.455510 0.050625 0.066122
0 0.475255 0.458265 0.037194 0.064286
0 0.540344 0.465612 0.037194 0.049592
0 0.516582 0.452755 0.012398 0.016531
0 0.568756 0.458265 0.034094 0.038571
0 0.728380 0.472041 0.070255 0.102857
0 0.056307 0.473877 0.112615 0.189184
0 0.837379 0.593265 0.324413 0.398571
0 0.510899 0.447245 0.013431 0.012857
