3 0.553003 0.431363 0.022956 0.035913
3 0.556217 0.432180 0.023874 0.034281
3 0.557135 0.432996 0.018365 0.032648
3 0.565858 0.427282 0.028465 0.047340
3 0.573204 0.429731 0.032138 0.048972
3 0.583305 0.431363 0.041320 0.062031
3 0.592946 0.433812 0.027547 0.053869
3 0.600751 0.431363 0.017446 0.055502
0 0.376474 0.422467 0.018365 0.039178
0 0.355814 0.424099 0.022956 0.048972
0 0.393461 0.428180 0.030302 0.047340
0 0.476102 0.419202 0.010101 0.019589
0 0.304226 0.434169 0.090905 0.128960
0 0.439205 0.445596 0.079886 0.125695
3 0.638934 0.455986 0.026629 0.062031
