0 0.069712 0.658696 0.138068 0.209881
0 0.766379 0.553607 0.016008 0.035573
0 0.754373 0.560721 0.012006 0.021344
0 0.735363 0.560721 0.012006 0.017787
0 0.709851 0.558054 0.011005 0.016008
0 0.695344 0.559832 0.016008 0.019565
0 0.705849 0.568725 0.017008 0.023123
0 0.623808 0.580287 0.027013 0.046245
0 0.521258 0.574061 0.022011 0.026680
0 0.491243 0.588291 0.050025 0.058696
0 0.575284 0.586067 0.070035 0.097826
0 0.660826 0.595850 0.073036 0.099605
0 0.720856 0.572727 0.023011 0.032016
0 0.373435 0.642984 0.215106 0.247233
1 0.886738 0.469565 0.225111 0.771937
