0 0.946103 0.277031 0.027686 0.056250
0 0.933579 0.272344 0.015820 0.046875
0 0.919077 0.285234 0.018457 0.049219
0 0.889414 0.289922 0.064600 0.063281
0 0.832065 0.288750 0.023730 0.037500
0 0.743735 0.282890 0.029004 0.030469
0 0.786582 0.284062 0.054053 0.051562
0 0.445935 0.232617 0.010547 0.023437
0 0.468347 0.223242 0.010547 0.014062
0 0.470324 0.233789 0.011865 0.021094
0 0.470984 0.240820 0.007910 0.021094
0 0.478894 0.243164 0.010547 0.025781
0 0.484167 0.247851 0.015820 0.025781
0 0.489441 0.254883 0.015820 0.025781
0 0.423523 0.224414 0.010547 0.011719
0 0.420227 0.238476 0.009229 0.021094
0 0.411657 0.240820 0.015820 0.025781
0 0.398474 0.245508 0.015820 0.030469
0 0.380017 0.240820 0.029004 0.049219
0 0.378039 0.254883 0.019775 0.044531
0 0.341125 0.247851 0.056689 0.058594
0 0.433262 0.236015 0.017139 0.025781
0 0.504453 0.261797 0.030322 0.044531
0 0.449082 0.359062 0.090967 0.135937
0 0.333067 0.313359 0.088330 0.105469
0 0.874253 0.539531 0.250488 0.468750
0 0.629238 0.266881 0.020471 0.027728
