0 0.908859 0.520866 0.051422 0.048898
0 0.810797 0.512362 0.039464 0.048898
0 0.856838 0.512362 0.050226 0.057402
0 0.455864 0.467079 0.011959 0.010630
0 0.459811 0.479410 0.010763 0.014882
0 0.470573 0.484725 0.013155 0.029764
0 0.481336 0.493228 0.013155 0.029764
0 0.490305 0.501732 0.016742 0.034016
0 0.513027 0.497480 0.033484 0.055276
0 0.458017 0.500669 0.019134 0.027638
0 0.562655 0.491102 0.029897 0.034016
0 0.545315 0.515551 0.043051 0.057402
0 0.444264 0.485788 0.013155 0.027638
0 0.333647 0.558071 0.248740 0.270000
