0 0.809091 0.430648 0.214458 0.199294
0 0.670180 0.377792 0.045816 0.055456
0 0.585372 0.356996 0.022421 0.027728
0 0.527371 0.351797 0.015597 0.031194
0 0.555153 0.349198 0.014622 0.025995
0 0.602431 0.346598 0.015597 0.020796
0 0.575137 0.348331 0.011698 0.017330
2 0.575624 0.332734 0.012673 0.006932
2 0.642886 0.342266 0.010723 0.019063
0 0.299753 0.361329 0.026320 0.019063
0 0.362141 0.364795 0.014622 0.022529
0 0.373839 0.360462 0.016572 0.020796
0 0.384074 0.356996 0.011698 0.020796
0 0.395772 0.355263 0.013647 0.017330
0 0.409419 0.352794 0.015597 0.026255
0 0.422579 0.350931 0.008773 0.015597
0 0.443538 0.346598 0.009748 0.017330
0 0.202760 0.367394 0.031194 0.020796
0 0.174003 0.374326 0.032169 0.020796
0 0.130137 0.382991 0.034118 0.038126
0 0.059951 0.393389 0.069211 0.045058
0 0.908053 0.353487 0.039967 0.024868
