0 0.380528 0.355547 0.019775 0.021094
0 0.364048 0.353203 0.015820 0.016406
0 0.348887 0.357890 0.017139 0.021094
0 0.263853 0.364922 0.015820 0.030469
0 0.238804 0.366093 0.029004 0.032812
0 0.208482 0.370781 0.031641 0.037500
0 0.104991 0.386015 0.046143 0.044531
0 0.051597 0.393047 0.060644 0.044531
0 0.591465 0.350859 0.011865 0.021094
0 0.600694 0.362578 0.017139 0.035156
0 0.620469 0.381328 0.043506 0.058594
0 0.670567 0.389531 0.067236 0.093750
0 0.850522 0.359062 0.034277 0.070312
0 0.495884 0.360234 0.036914 0.053906
0 0.555210 0.398906 0.089648 0.126562
0 0.447105 0.367265 0.060644 0.105469
0 0.767466 0.409453 0.168750 0.203906
0 0.903257 0.366093 0.089648 0.084375
0 0.562461 0.327422 0.032959 0.021094
2 0.944126 0.309844 0.110742 0.178125
0 0.984336 0.383672 0.030322 0.082031
