0 0.354349 0.407495 0.028847 0.036037
0 0.429585 0.407495 0.028067 0.033265
0 0.056914 0.467787 0.113828 0.162166
0 0.838119 0.497587 0.321214 0.302156
0 0.139557 0.454620 0.054575 0.105339
0 0.182437 0.435215 0.068609 0.085934
0 0.217911 0.433136 0.030406 0.076232
0 0.241690 0.426206 0.042101 0.070688
0 0.647106 0.438681 0.169963 0.206519
0 0.553548 0.424820 0.063931 0.134446
0 0.510668 0.430364 0.032745 0.087320
0 0.491566 0.422741 0.041321 0.072074
0 0.464279 0.417890 0.035084 0.073460
0 0.296655 0.416504 0.030406 0.034651
0 0.315367 0.414425 0.016373 0.027721
0 0.327451 0.405416 0.017152 0.023563
0 0.407755 0.400565 0.015593 0.022177
0 0.399568 0.399872 0.021050 0.026335
0 0.381247 0.397792 0.014034 0.019405
