0 0.428484 0.382250 0.007594 0.013500
0 0.437344 0.381250 0.008438 0.010500
0 0.421393 0.380250 0.006750 0.013500
0 0.417174 0.381750 0.008437 0.019500
0 0.410846 0.379500 0.009281 0.027000
0 0.399877 0.387750 0.014344 0.034500
0 0.380471 0.393750 0.029531 0.055500
0 0.364862 0.405750 0.033750 0.058500
0 0.329424 0.413250 0.059062 0.100500
0 0.445018 0.383250 0.005062 0.016500
0 0.449237 0.386250 0.005062 0.016500
0 0.454721 0.384750 0.010969 0.022500
0 0.464846 0.386250 0.009281 0.025500
0 0.476658 0.387000 0.021094 0.039000
0 0.485940 0.396000 0.016031 0.033000
0 0.499440 0.394500 0.024469 0.048000
0 0.531502 0.396000 0.049781 0.081000
0 0.562219 0.412141 0.069187 0.076500
0 0.625922 0.440641 0.097031 0.115500
0 0.282937 0.437641 0.092812 0.151500
0 0.167344 0.475891 0.231187 0.267000
0 0.761504 0.464332 0.215156 0.243000
0 0.078067 0.576082 0.154406 0.451500
0 0.883004 0.571582 0.230344 0.478500
