0 0.581250 0.370924 0.016406 0.026966
0 0.593554 0.380357 0.012891 0.033333
0 0.602343 0.382440 0.011719 0.041667
0 0.613086 0.382887 0.020703 0.044940
0 0.629297 0.392857 0.039844 0.050000
0 0.666545 0.401637 0.048047 0.064583
0 0.724553 0.392262 0.072656 0.108333
0 0.797795 0.429762 0.148828 0.150000
0 0.482980 0.379762 0.014062 0.025000
0 0.456027 0.390178 0.028125 0.054167
0 0.441964 0.401637 0.032812 0.056250
0 0.399191 0.394345 0.008203 0.029167
0 0.385714 0.399553 0.030469 0.052083
0 0.289195 0.395569 0.104618 0.055885
0 0.221484 0.424553 0.082031 0.102083
0 0.164062 0.443303 0.075000 0.114583
0 0.018164 0.460129 0.036328 0.132122
0 0.921177 0.478274 0.155859 0.220833
0 0.901367 0.347569 0.038672 0.027083
0 0.679297 0.359028 0.014062 0.016667
0 0.639453 0.359028 0.018750 0.012500
0 0.550390 0.367361 0.009375 0.012500
0 0.553711 0.387500 0.027734 0.043056
0 0.569726 0.373264 0.005859 0.027083
0 0.500195 0.375694 0.005859 0.029167
0 0.356949 0.389746 0.041186 0.044237
