0 0.313130 0.259326 0.015820 0.026562
0 0.344771 0.260107 0.012305 0.018750
0 0.287203 0.256201 0.020215 0.026562
0 0.271822 0.262451 0.008789 0.017187
0 0.261714 0.259326 0.014941 0.026562
0 0.245015 0.263232 0.016699 0.025000
0 0.229634 0.260107 0.008789 0.018750
0 0.217769 0.267139 0.021973 0.026562
0 0.157564 0.275732 0.084375 0.087500
0 0.052974 0.300732 0.105469 0.156250
0 0.437935 0.266357 0.038672 0.043750
0 0.549745 0.288324 0.050598 0.049818
0 0.588228 0.296045 0.029883 0.071875
0 0.653706 0.373389 0.127441 0.139062
0 0.799605 0.365576 0.199512 0.185937
0 0.829488 0.555420 0.338379 0.590625
0 0.521035 0.287677 0.028269 0.041592
