0 0.496303 0.454625 0.011937 0.011427
2 0.482988 0.448096 0.012855 0.027751
1 0.463705 0.457074 0.016528 0.035913
0 0.455441 0.472582 0.014692 0.024486
0 0.440750 0.481560 0.022037 0.035913
0 0.421375 0.469317 0.010101 0.021221
0 0.411275 0.471765 0.017446 0.022854
0 0.396583 0.469317 0.013773 0.008162
0 0.383269 0.474214 0.012855 0.008162
0 0.375464 0.479111 0.011937 0.014692
0 0.364445 0.492987 0.024792 0.032648
0 0.305678 0.506046 0.039484 0.048972
0 0.273540 0.511759 0.046830 0.057134
0 0.243698 0.519921 0.038566 0.063664
0 0.230843 0.485641 0.014692 0.014692
0 0.101923 0.533797 0.067949 0.111004
0 0.040861 0.540327 0.079886 0.153446
0 0.394379 0.501965 0.046830 0.063664
0 0.168495 0.526451 0.123961 0.122430
0 0.528900 0.494619 0.058767 0.101209
0 0.610622 0.504414 0.058767 0.094680
0 0.561497 0.501965 0.013773 0.047340
0 0.579861 0.501149 0.028465 0.068561
