0 0.328453 0.431718 0.060644 0.084375
0 0.532798 0.606328 0.205664 0.302344
0 0.231553 0.404765 0.009229 0.021094
0 0.224302 0.408281 0.015820 0.023437
0 0.213096 0.410625 0.014502 0.028125
0 0.203868 0.410625 0.014502 0.028125
0 0.195298 0.414140 0.021094 0.030469
0 0.181456 0.416484 0.022412 0.035156
0 0.162339 0.418828 0.023730 0.053906
0 0.136631 0.420000 0.035596 0.070312
0 0.255284 0.408281 0.030322 0.037500
0 0.105650 0.434062 0.073828 0.079687
0 0.282969 0.509062 0.143701 0.210937
0 0.007342 0.628593 0.014683 0.187500
0 0.778672 0.589921 0.441650 0.817968
