0 0.393892 0.486583 0.013658 0.019424
0 0.410281 0.499937 0.021853 0.031565
0 0.371357 0.492653 0.045071 0.036421
1 0.369308 0.457689 0.043705 0.050989
0 0.331373 0.489254 0.016389 0.016996
0 0.310204 0.497752 0.025950 0.048561
0 0.286302 0.497752 0.024584 0.053417
0 0.280839 0.508678 0.021853 0.031565
0 0.489497 0.510864 0.021853 0.029137
0 0.426466 0.506250 0.032779 0.041277
0 0.466074 0.503822 0.030047 0.041277
0 0.550752 0.559668 0.136578 0.167536
0 0.359543 0.535387 0.073752 0.104407
0 0.795227 0.552904 0.177552 0.156783
0 0.643625 0.513535 0.098336 0.133543
0 0.238876 0.480591 0.077850 0.136300
0 0.879124 0.651327 0.240378 0.370279
3 0.261206 0.534173 0.021853 0.055845
