0 0.418760 0.498515 0.014502 0.025781
0 0.403599 0.503203 0.021094 0.039844
0 0.534116 0.512578 0.015820 0.039844
0 0.551255 0.512578 0.021094 0.039844
0 0.654087 0.550078 0.047461 0.100781
0 0.689683 0.558281 0.097559 0.112500
0 0.804380 0.578203 0.179297 0.175781
0 0.379869 0.509062 0.036914 0.060937
0 0.438535 0.500859 0.022412 0.035156
0 0.466880 0.500859 0.023730 0.035156
0 0.496543 0.506718 0.030322 0.042187
0 0.568394 0.527812 0.044824 0.051562
0 0.277037 0.546562 0.158203 0.210937
0 0.096421 0.562968 0.192480 0.182812
0 0.016570 0.640312 0.033140 0.126562
0 0.920395 0.613359 0.158203 0.307031
