0 0.495411 0.609541 0.015302 0.018703
0 0.470067 0.604440 0.016259 0.011902
0 0.488716 0.644396 0.038256 0.057809
0 0.431811 0.632494 0.033474 0.044207
0 0.591529 0.619742 0.014346 0.015302
0 0.579574 0.611241 0.009564 0.011902
0 0.569053 0.611241 0.015302 0.015302
0 0.680377 0.613791 0.011477 0.013602
0 0.732979 0.618042 0.011477 0.011902
2 0.533189 0.606990 0.058340 0.108816
0 0.700161 0.604883 0.013673 0.013089
0 0.718041 0.606752 0.009466 0.005609
0 0.734343 0.606752 0.010518 0.009349
0 0.746439 0.604883 0.009466 0.005609
0 0.761689 0.605817 0.008414 0.011219
0 0.776940 0.606752 0.009466 0.009349
0 0.820273 0.614232 0.011569 0.013089
0 0.877594 0.614232 0.008414 0.013089
1 0.852352 0.613297 0.016828 0.022438
0 0.950166 0.618345 0.010518 0.009349
0 0.937019 0.625824 0.009466 0.009349
1 0.592565 0.602452 0.010518 0.014958
