0 0.332135 0.496737 0.032883 0.027190
0 0.267516 0.497417 0.096356 0.082931
0 0.447165 0.503565 0.026001 0.029909
0 0.467813 0.504924 0.015295 0.032628
0 0.415047 0.506964 0.041295 0.074773
0 0.489699 0.499331 0.009941 0.024471
0 0.494670 0.502730 0.010706 0.025831
0 0.507288 0.502730 0.020648 0.039426
0 0.519523 0.507488 0.023707 0.051662
0 0.527553 0.517005 0.021412 0.059819
0 0.096568 0.535069 0.193136 0.130514
0 0.387335 0.519335 0.050472 0.070695
0 0.551751 0.525453 0.050472 0.085650
0 0.918454 0.537462 0.160593 0.130514
