0 0.512803 0.412389 0.014603 0.035947
0 0.496515 0.411391 0.017973 0.037944
0 0.475733 0.417382 0.028083 0.045932
0 0.441471 0.428366 0.044933 0.059911
0 0.398784 0.434357 0.044933 0.063905
0 0.289259 0.482286 0.207817 0.211686
0 0.104470 0.616566 0.208941 0.496224
0 0.575148 0.411391 0.017973 0.037944
0 0.588628 0.420377 0.020220 0.051923
0 0.606040 0.431361 0.028083 0.065902
0 0.627383 0.444342 0.050550 0.087870
0 0.663330 0.465311 0.052797 0.117825
0 0.700962 0.490274 0.062907 0.163757
0 0.736347 0.519231 0.088744 0.201701
0 0.849804 0.551184 0.297684 0.381435
0 0.525908 0.408395 0.011982 0.026627
0 0.541457 0.411146 0.019074 0.021193
