0 0.133335 0.448828 0.266308 0.663281
0 0.278355 0.414843 0.092285 0.154687
0 0.426011 0.371484 0.108105 0.175781
0 0.543345 0.427734 0.147656 0.246094
0 0.615199 0.371484 0.048786 0.086719
0 0.641570 0.358593 0.011865 0.042187
0 0.650798 0.355078 0.014502 0.030469
0 0.662663 0.350390 0.014502 0.030469
0 0.683098 0.360937 0.039551 0.046875
0 0.697412 0.344531 0.029004 0.028125
0 0.729711 0.351897 0.040869 0.037500
0 0.746191 0.341518 0.026367 0.032812
0 0.761352 0.339843 0.014502 0.023437
0 0.781881 0.341015 0.021282 0.039844
0 0.309996 0.387890 0.029004 0.039844
0 0.867661 0.398437 0.158203 0.135937
