0 0.319912 0.536808 0.013776 0.018367
0 0.299248 0.536808 0.017219 0.021429
0 0.280307 0.538338 0.018941 0.024490
0 0.256630 0.532981 0.028412 0.047449
0 0.382763 0.523798 0.024107 0.041327
0 0.473595 0.524563 0.018080 0.024490
0 0.503729 0.526094 0.037022 0.052041
0 0.528697 0.537573 0.030134 0.068878
0 0.551943 0.544461 0.042188 0.088776
0 0.579064 0.549053 0.053380 0.107143
0 0.678383 0.547741 0.185109 0.202041
0 0.004981 0.575292 0.009963 0.048980
0 0.852053 0.618368 0.291869 0.303061
0 0.132651 0.587537 0.235045 0.254082
0 0.352629 0.534731 0.041327 0.062755
0 0.424950 0.563812 0.105038 0.148469
