0 0.860990 0.427096 0.035510 0.036421
0 0.833674 0.428310 0.040974 0.038849
0 0.800895 0.429524 0.043705 0.041277
0 0.774946 0.424668 0.038242 0.041277
0 0.693681 0.430738 0.039608 0.033993
0 0.637684 0.429524 0.017755 0.026709
0 0.621295 0.430738 0.023218 0.029137
0 0.600125 0.429524 0.027316 0.031565
0 0.574858 0.433166 0.023218 0.029137
0 0.552323 0.430738 0.027316 0.029137
0 0.456035 0.433166 0.045071 0.048561
0 0.375454 0.434380 0.045071 0.041277
0 0.083996 0.427096 0.050534 0.055845
0 0.178918 0.431952 0.035510 0.041277
0 0.950244 0.440693 0.094239 0.186961
