0 0.431432 0.461150 0.021504 0.045398
0 0.418664 0.469513 0.025536 0.047788
0 0.411272 0.476681 0.024192 0.052566
0 0.389095 0.469513 0.049729 0.090796
0 0.487881 0.457566 0.040321 0.057345
0 0.752430 0.455575 0.090050 0.095575
0 0.685901 0.520088 0.217732 0.281947
1 0.588465 0.405000 0.181443 0.303451
0 0.113570 0.620044 0.225796 0.551947
0 0.845392 0.647522 0.307782 0.688141
0 0.450545 0.442129 0.030228 0.027684
0 0.377722 0.477141 0.060457 0.091194
0 0.344287 0.496683 0.072365 0.130277
0 0.452835 0.478769 0.049465 0.074909
