0 0.435002 0.483791 0.012292 0.019424
0 0.445928 0.487433 0.006829 0.021853
0 0.456855 0.489861 0.012292 0.021853
0 0.475293 0.489861 0.013658 0.031565
0 0.499194 0.494717 0.009560 0.026709
0 0.486902 0.492289 0.009560 0.031565
0 0.518315 0.509285 0.025950 0.050989
0 0.547679 0.517784 0.051900 0.072842
0 0.601628 0.567559 0.077850 0.133543
0 0.696550 0.594268 0.172089 0.230666
0 0.830055 0.759376 0.337349 0.471044
0 0.419296 0.485005 0.019121 0.043705
0 0.402906 0.495931 0.013658 0.046133
0 0.387200 0.494717 0.012292 0.048561
0 0.370127 0.494717 0.024584 0.058273
0 0.346226 0.505643 0.039608 0.080126
0 0.318910 0.520212 0.055997 0.084982
0 0.279303 0.531138 0.066923 0.097122
0 0.196673 0.563917 0.150236 0.148112
