0 0.377475 0.479205 0.013075 0.035762
0 0.365405 0.478311 0.019110 0.051854
0 0.351324 0.474735 0.019110 0.073311
0 0.324168 0.482781 0.043249 0.107285
0 0.263820 0.499768 0.109632 0.166291
0 0.167767 0.541788 0.175008 0.196689
0 0.065367 0.580232 0.130371 0.337947
0 0.421227 0.466689 0.022127 0.017881
0 0.401111 0.468477 0.016093 0.017881
0 0.459447 0.461324 0.014081 0.014305
0 0.488084 0.477338 0.029224 0.060636
0 0.559524 0.515861 0.135782 0.169868
0 0.622889 0.466689 0.027156 0.046490
0 0.648536 0.474735 0.040232 0.051854
0 0.688768 0.480993 0.056325 0.064371
0 0.737549 0.493510 0.055319 0.078675
2 0.872275 0.415728 0.254443 0.413046
