0 0.047784 0.603938 0.095568 0.116327
0 0.192857 0.612357 0.049936 0.053571
0 0.128715 0.613122 0.076626 0.064286
0 0.239350 0.610061 0.039605 0.052041
0 0.276802 0.607765 0.031856 0.035204
0 0.312962 0.606234 0.033578 0.038265
0 0.339222 0.605469 0.020663 0.030612
0 0.384853 0.601642 0.022385 0.022959
2 0.436942 0.584806 0.040466 0.081122
0 0.467076 0.586336 0.019802 0.032143
0 0.496349 0.601642 0.033578 0.053571
0 0.525192 0.590928 0.024107 0.038265
0 0.533371 0.600877 0.026690 0.048980
0 0.578572 0.620775 0.099872 0.131633
0 0.617746 0.580979 0.016358 0.027551
0 0.632813 0.613887 0.025829 0.065816
0 0.661225 0.620775 0.058546 0.067347
0 0.406378 0.593224 0.017219 0.027551
