0 0.861468 0.628867 0.031413 0.019424
0 0.849176 0.642222 0.020487 0.026709
0 0.808885 0.655576 0.068289 0.043705
0 0.819129 0.614299 0.050534 0.053417
0 0.780204 0.631295 0.024584 0.024281
0 0.750839 0.650720 0.039608 0.072842
0 0.722841 0.654362 0.021853 0.070414
0 0.700305 0.622797 0.025950 0.016996
0 0.703037 0.653148 0.034145 0.048561
0 0.678453 0.631295 0.025950 0.029137
0 0.651820 0.650720 0.079215 0.072842
0 0.640894 0.662860 0.101068 0.082554
0 0.574653 0.630081 0.031413 0.031565
0 0.063167 0.622797 0.019121 0.021853
0 0.072728 0.621583 0.010926 0.024281
0 0.082288 0.625225 0.013658 0.026709
0 0.093215 0.621583 0.013658 0.029137
0 0.137603 0.624011 0.017755 0.019424
0 0.175162 0.624011 0.016389 0.029137
0 0.158089 0.620369 0.017755 0.016996
0 0.239354 0.614299 0.021853 0.019424
0 0.268035 0.641008 0.019121 0.053417
0 0.203160 0.641008 0.036876 0.058273
0 0.158772 0.650720 0.038242 0.043705
0 0.108921 0.644650 0.042339 0.055845
0 0.047461 0.643436 0.042339 0.048561
0 0.007170 0.644650 0.013658 0.055845
0 0.240036 0.659218 0.055997 0.075270
0 0.351348 0.659218 0.172089 0.162680
0 0.361591 0.685927 0.137944 0.138399
0 0.509779 0.715064 0.338714 0.220953
