0 0.867891 0.427925 0.108892 0.071321
0 0.946694 0.536180 0.103160 0.119717
0 0.799834 0.531287 0.084534 0.104837
0 0.879353 0.560378 0.131816 0.112076
1 0.428743 0.491604 0.021492 0.035660
0 0.399371 0.515802 0.025790 0.043302
0 0.357820 0.485236 0.031521 0.038208
1 0.311254 0.477595 0.041551 0.043302
0 0.277584 0.545095 0.054446 0.081510
0 0.213109 0.561651 0.088833 0.119717
0 0.495367 0.534906 0.031521 0.056038
0 0.347074 0.562925 0.087400 0.122264
0 0.433758 0.531085 0.037252 0.063679
0 0.088918 0.545095 0.176743 0.290378
0 0.763336 0.520576 0.039608 0.092266
