0 0.369981 0.455156 0.017139 0.032812
0 0.358775 0.462187 0.015820 0.023437
0 0.348228 0.464531 0.015820 0.037500
0 0.335703 0.459843 0.019775 0.046875
0 0.485337 0.444609 0.010547 0.016406
0 0.492588 0.450468 0.011865 0.028125
0 0.501157 0.453984 0.013184 0.035156
0 0.507749 0.455156 0.018457 0.046875
0 0.524229 0.450468 0.025049 0.056250
0 0.548618 0.458672 0.047461 0.077344
0 0.598057 0.459843 0.077783 0.121875
0 0.660020 0.480937 0.119971 0.154687
0 0.159043 0.497343 0.104150 0.140625
0 0.418101 0.450468 0.026367 0.032812
0 0.473472 0.445781 0.015820 0.032812
0 0.447105 0.444609 0.015820 0.025781
0 0.302085 0.464531 0.063281 0.075000
0 0.854478 0.496172 0.290039 0.292969
0 0.067418 0.531328 0.134473 0.171094
0 0.975767 0.643828 0.047461 0.227344
