0 0.228285 0.465786 0.107230 0.142673
0 0.391827 0.467584 0.013488 0.047957
0 0.377664 0.468783 0.022930 0.047957
0 0.346979 0.465786 0.049231 0.061146
0 0.502766 0.472080 0.007418 0.029973
0 0.509847 0.472080 0.012139 0.027575
0 0.517265 0.472680 0.012139 0.028774
0 0.523335 0.475078 0.009442 0.026377
0 0.697944 0.485397 0.117346 0.167851
0 0.448476 0.469083 0.014837 0.020382
0 0.429256 0.469083 0.023604 0.022780
0 0.095366 0.503515 0.189507 0.308126
0 0.836104 0.566459 0.323038 0.422025
0 0.551188 0.469023 0.057324 0.071936
0 0.479431 0.464467 0.047882 0.071936
