2 0.360705 0.406990 0.055184 0.087441
0 0.335513 0.427251 0.028791 0.081043
0 0.269532 0.428317 0.124763 0.159953
0 0.123370 0.512559 0.246739 0.272986
0 0.420688 0.393128 0.011996 0.017062
0 0.429685 0.401658 0.013196 0.025592
0 0.438082 0.404858 0.008398 0.031991
0 0.447680 0.409123 0.015595 0.036256
0 0.460876 0.409123 0.022793 0.044787
0 0.471073 0.420853 0.021594 0.063981
0 0.492666 0.421919 0.040788 0.070379
0 0.504663 0.428317 0.047986 0.066114
0 0.553848 0.457109 0.071979 0.093839
0 0.627626 0.477369 0.135560 0.134360
0 0.977265 0.687440 0.045471 0.268720
0 0.840505 0.529620 0.318990 0.375355
