2 0.036272 0.570461 0.072076 0.471356
0 0.129800 0.588003 0.171610 0.176949
0 0.276097 0.543003 0.153591 0.123559
0 0.975409 0.825969 0.047193 0.341695
2 0.880165 0.669613 0.235964 0.379830
0 0.760876 0.606356 0.098676 0.155593
0 0.718403 0.578135 0.063496 0.108305
0 0.693948 0.550678 0.060922 0.099153
0 0.674642 0.536949 0.037754 0.071695
0 0.660055 0.533135 0.036038 0.067119
0 0.643324 0.529322 0.023167 0.041186
0 0.633027 0.522458 0.021451 0.036610
0 0.464849 0.517119 0.030032 0.056441
0 0.483297 0.516356 0.018877 0.045763
0 0.497026 0.507966 0.025742 0.047288
0 0.512900 0.514068 0.011155 0.025932
0 0.409633 0.527644 0.094386 0.102203
0 0.585705 0.535271 0.054915 0.096102
0 0.530361 0.512390 0.018019 0.019831
0 0.544176 0.514678 0.008581 0.015254
0 0.563310 0.513152 0.007722 0.012203
0 0.553443 0.516203 0.010297 0.015254
