0 0.093024 0.607143 0.185439 0.291837
0 0.923939 0.593113 0.149809 0.212755
1 0.868837 0.520561 0.118814 0.084184
0 0.357876 0.466582 0.013776 0.019898
0 0.310954 0.468878 0.009471 0.027551
0 0.289860 0.480357 0.030995 0.044388
0 0.414270 0.464796 0.007749 0.024490
0 0.426754 0.473980 0.024107 0.045918
0 0.468081 0.468623 0.013776 0.029082
0 0.486591 0.473980 0.031856 0.058163
0 0.534519 0.546429 0.123119 0.183674
0 0.247959 0.482398 0.044770 0.062755
0 0.333195 0.464286 0.030995 0.027551
0 0.387436 0.479592 0.053380 0.067347
0 0.442538 0.484439 0.038744 0.058163
