0 0.418077 0.635734 0.009466 0.018698
0 0.411767 0.638539 0.013673 0.024307
0 0.490649 0.627320 0.007362 0.016828
0 0.495382 0.639474 0.010518 0.026177
0 0.502744 0.639474 0.014725 0.037396
0 0.519717 0.637417 0.046278 0.046745
0 0.459096 0.644149 0.036812 0.054224
0 0.370748 0.640409 0.019984 0.028047
0 0.280822 0.642279 0.088348 0.110319
0 0.236647 0.631995 0.025242 0.033657
0 0.224552 0.641344 0.034708 0.056094
0 0.211931 0.645083 0.057847 0.063573
0 0.155136 0.633865 0.064158 0.082272
0 0.097288 0.641344 0.141988 0.093490
0 0.039091 0.652563 0.076779 0.097230
