0 0.039732 0.488906 0.079102 0.145312
0 0.967856 0.557150 0.063281 0.155237
0 0.283433 0.464007 0.072417 0.069735
0 0.387533 0.448808 0.035203 0.032185
0 0.634934 0.458642 0.051343 0.048278
0 0.587183 0.452384 0.028162 0.025033
0 0.466488 0.442550 0.026151 0.030397
0 0.324168 0.450596 0.029168 0.053642
0 0.854221 0.488146 0.174002 0.168079
0 0.749619 0.481887 0.089516 0.105497
0 0.694803 0.471159 0.066382 0.084040
0 0.571090 0.449702 0.014081 0.030397
0 0.564553 0.445232 0.017099 0.032185
0 0.553992 0.443444 0.016093 0.032185
0 0.489368 0.442550 0.018609 0.026821
0 0.424747 0.445232 0.017099 0.025033
0 0.406759 0.447914 0.016866 0.026821
0 0.441846 0.447020 0.011064 0.021457
