0 0.213132 0.501685 0.072198 0.087912
0 0.754752 0.564883 0.359286 0.359656
0 0.567692 0.511648 0.129560 0.161758
0 0.481731 0.496703 0.072033 0.103736
0 0.450890 0.480879 0.052418 0.075604
0 0.425176 0.477362 0.030659 0.050989
0 0.252099 0.487033 0.032637 0.063297
0 0.287209 0.471209 0.043516 0.066813
0 0.311439 0.468571 0.018791 0.029890
0 0.324791 0.467692 0.015824 0.028132
0 0.387593 0.469450 0.016813 0.017582
0 0.402428 0.472088 0.014835 0.022857
0 0.350110 0.465055 0.027692 0.026374
0 0.371868 0.467692 0.017802 0.024615
0 0.890401 0.791468 0.218057 0.409761
