0 0.356176 0.325198 0.022011 0.023123
0 0.324660 0.329051 0.021010 0.032016
0 0.300649 0.331423 0.041020 0.042688
0 0.248123 0.338834 0.070035 0.087154
0 0.233615 0.345949 0.069034 0.104941
0 0.170584 0.357214 0.083041 0.136957
0 0.381188 0.324308 0.012006 0.028459
0 0.402699 0.329644 0.037018 0.049802
0 0.408202 0.343874 0.036018 0.042688
0 0.424710 0.350099 0.031015 0.058696
0 0.436216 0.360771 0.026013 0.065810
0 0.457726 0.358992 0.041020 0.115613
0 0.507251 0.370850 0.098048 0.161858
0 0.601464 0.401976 0.199098 0.181423
0 0.081040 0.373814 0.162080 0.289921
