0 0.032004 0.506584 0.063106 0.082004
2 0.153915 0.496369 0.058211 0.051602
0 0.191071 0.491759 0.018932 0.014958
0 0.239978 0.491448 0.019984 0.016828
0 0.291515 0.492382 0.026294 0.033657
0 0.272057 0.495810 0.037864 0.036773
0 0.322892 0.496745 0.035760 0.033657
0 0.351290 0.493941 0.014725 0.016828
0 0.375481 0.493006 0.014725 0.022438
0 0.392309 0.492071 0.008414 0.016828
0 0.402827 0.489515 0.012621 0.014958
0 0.415066 0.491198 0.011569 0.013089
0 0.425058 0.492133 0.010518 0.014958
0 0.435356 0.490958 0.009466 0.014958
0 0.524976 0.489328 0.018932 0.013089
0 0.456611 0.498678 0.016828 0.024307
0 0.524976 0.522985 0.042071 0.054224
0 0.569676 0.499612 0.024191 0.029917
0 0.650136 0.499612 0.016828 0.026177
0 0.619109 0.506157 0.047329 0.076662
0 0.470331 0.489597 0.012621 0.014958
2 0.679480 0.503066 0.018626 0.022925
