0 0.331503 0.235156 0.014941 0.017187
0 0.345566 0.239062 0.009668 0.021875
0 0.353036 0.246875 0.010547 0.018750
0 0.360068 0.257812 0.014062 0.021875
0 0.363583 0.266406 0.010547 0.023437
0 0.619345 0.332031 0.072070 0.070312
0 0.572763 0.328125 0.026367 0.087500
0 0.449716 0.282812 0.014062 0.028125
2 0.407968 0.245312 0.081738 0.171875
0 0.501572 0.323437 0.121289 0.178125
0 0.307333 0.335156 0.130078 0.192187
0 0.246249 0.270312 0.021973 0.037500
0 0.255917 0.248437 0.014941 0.025000
0 0.266464 0.237500 0.007910 0.018750
0 0.280087 0.228906 0.017578 0.029687
0 0.259433 0.225781 0.013184 0.017187
0 0.245163 0.230469 0.016285 0.023437
0 0.228671 0.236719 0.011426 0.026562
0 0.215488 0.250781 0.032520 0.051562
0 0.184286 0.236719 0.021094 0.026562
0 0.157040 0.252344 0.070312 0.048437
0 0.122763 0.247656 0.024609 0.029687
0 0.106943 0.240625 0.031641 0.050000
2 0.142991 0.207656 0.096705 0.056250
0 0.056548 0.233594 0.113095 0.079687
0 0.015678 0.225000 0.031357 0.018750
