0 0.068449 0.626901 0.136430 0.202881
0 0.255075 0.595630 0.084089 0.079322
0 0.309561 0.585715 0.052341 0.062542
0 0.337019 0.578851 0.040328 0.061017
0 0.361044 0.578851 0.026600 0.045763
0 0.497045 0.568935 0.015445 0.028983
0 0.515493 0.568173 0.023167 0.036610
0 0.519784 0.576562 0.019735 0.047288
0 0.539519 0.578851 0.035180 0.057966
0 0.586283 0.589528 0.078941 0.109830
0 0.835975 0.684867 0.324343 0.349322
0 0.384641 0.569698 0.029174 0.039661
0 0.400944 0.572749 0.018877 0.027458
0 0.413814 0.570461 0.018877 0.028983
0 0.430117 0.567410 0.017161 0.022881
0 0.483317 0.569698 0.015445 0.021356
