0 0.494627 0.507704 0.014636 0.019898
0 0.506107 0.513010 0.011193 0.022959
0 0.429193 0.532590 0.033578 0.057270
0 0.463632 0.512245 0.014636 0.015306
0 0.365420 0.617384 0.148087 0.218878
0 0.474394 0.558100 0.051658 0.081505
0 0.573922 0.541416 0.049247 0.047526
2 0.342666 0.513215 0.091263 0.114796
2 0.212660 0.515510 0.142921 0.168367
0 0.965024 0.634056 0.067156 0.522704
0 0.524735 0.520040 0.015158 0.026247
3 0.521604 0.550510 0.007749 0.016327
4 0.023390 0.622704 0.045631 0.090306
0 0.542601 0.535756 0.020574 0.032356
