0 0.292863 0.339861 0.010797 0.014929
0 0.282666 0.344126 0.009597 0.023460
0 0.274868 0.344126 0.015595 0.023460
0 0.264072 0.347325 0.017995 0.025592
0 0.244877 0.352657 0.029991 0.040521
0 0.207688 0.357989 0.053984 0.059716
0 0.340849 0.339861 0.010797 0.014929
0 0.355244 0.341994 0.010797 0.014929
0 0.366041 0.345193 0.013196 0.021327
0 0.377438 0.339272 0.011996 0.018017
0 0.427451 0.343060 0.020850 0.029858
0 0.401431 0.349458 0.031191 0.051185
2 0.493235 0.336662 0.068442 0.068246
0 0.848361 0.348341 0.099570 0.089573
0 0.877694 0.538151 0.244612 0.563033
