0 0.152538 0.523935 0.304608 0.497288
0 0.279530 0.388935 0.081515 0.083898
0 0.397511 0.419444 0.078941 0.102203
0 0.448566 0.408766 0.028316 0.068644
0 0.468730 0.398088 0.018877 0.053390
0 0.483746 0.391986 0.012871 0.025932
0 0.554535 0.388935 0.018877 0.038136
0 0.575986 0.391223 0.024025 0.051864
0 0.606447 0.404952 0.071218 0.082373
0 0.672517 0.438512 0.096960 0.122034
0 0.926929 0.571223 0.144153 0.360000
0 0.536516 0.380545 0.018877 0.024407
0 0.514080 0.370569 0.018019 0.016780
0 0.493057 0.380484 0.010297 0.021356
