0 0.309219 0.582445 0.021035 0.018698
0 0.290813 0.584315 0.017880 0.018698
0 0.268200 0.587119 0.021035 0.020568
0 0.254527 0.594599 0.018932 0.028047
0 0.239803 0.598338 0.021035 0.028047
0 0.214560 0.603013 0.031553 0.029917
0 0.188792 0.604883 0.032605 0.041136
0 0.167757 0.617036 0.041019 0.050485
0 0.134100 0.625450 0.034708 0.056094
0 0.101495 0.635734 0.059951 0.072922
0 0.393361 0.589924 0.010518 0.018698
0 0.407034 0.590859 0.018932 0.031787
0 0.423862 0.589924 0.016828 0.041136
0 0.438061 0.599273 0.026294 0.052355
0 0.456467 0.617971 0.029449 0.063573
0 0.486442 0.629190 0.036812 0.078532
0 0.346031 0.586184 0.012621 0.018698
0 0.363385 0.584315 0.015776 0.022438
0 0.537453 0.650506 0.090452 0.110319
