0 0.268387 0.536204 0.181772 0.101744
0 0.206202 0.507351 0.055010 0.048898
0 0.170923 0.505225 0.025113 0.023386
0 0.132058 0.497784 0.045443 0.038268
0 0.154779 0.497784 0.019134 0.034016
0 0.547621 0.529674 0.025113 0.046772
0 0.489872 0.517040 0.010763 0.029764
0 0.500635 0.525543 0.015546 0.051024
0 0.526944 0.545740 0.049031 0.065906
0 0.519768 0.515977 0.027505 0.031890
0 0.464759 0.537236 0.058597 0.104173
0 0.565211 0.535110 0.015546 0.040394
0 0.580758 0.539362 0.025113 0.044646
0 0.635767 0.598890 0.159050 0.167953
0 0.666262 0.528732 0.026309 0.027638
0 0.830694 0.762591 0.336038 0.465591
0 0.903044 0.522354 0.069360 0.023386
0 0.969414 0.528732 0.056206 0.031890
