0 0.072046 0.709592 0.019984 0.035526
0 0.046804 0.703047 0.038915 0.056094
0 0.025768 0.713331 0.026294 0.035526
0 0.006311 0.707576 0.012621 0.031495
0 0.411767 0.672196 0.013673 0.039266
0 0.470140 0.654432 0.029449 0.018698
0 0.479605 0.665651 0.042071 0.041136
0 0.534823 0.662847 0.057847 0.043006
0 0.507477 0.646953 0.047329 0.059834
0 0.569321 0.645083 0.032605 0.033657
0 0.597298 0.651628 0.064999 0.061704
0 0.646100 0.652563 0.062054 0.059834
0 0.703316 0.641344 0.057847 0.063573
0 0.857610 0.637604 0.115694 0.074792
0 0.746859 0.637604 0.095711 0.082272
0 0.436062 0.664716 0.054692 0.054224
0 0.974637 0.626074 0.048381 0.099100
2 0.243629 0.498117 0.339721 0.770360
