0 0.300967 0.476632 0.024356 0.018557
0 0.291108 0.491065 0.044072 0.035052
0 0.332281 0.530241 0.056830 0.084536
0 0.300387 0.550859 0.053351 0.109278
0 0.220789 0.595533 0.174824 0.210997
0 0.142655 0.497251 0.041753 0.047423
0 0.462565 0.491065 0.015077 0.022680
0 0.478222 0.484880 0.016237 0.018557
0 0.490979 0.493127 0.016237 0.030928
2 0.555348 0.485911 0.091624 0.082474
0 0.559407 0.518900 0.051031 0.078351
0 0.597101 0.571478 0.124098 0.150515
0 0.894201 0.512715 0.039433 0.053608
0 0.917397 0.491065 0.011598 0.030928
0 0.938853 0.517870 0.070747 0.055670
0 0.940883 0.657904 0.115400 0.352234
1 0.411147 0.457732 0.045232 0.057732
0 0.063938 0.631959 0.126670 0.360825
0 0.418381 0.574227 0.122938 0.183505
