0 0.847406 0.764949 0.303750 0.456897
0 0.677812 0.631750 0.266625 0.286500
0 0.501891 0.570250 0.091969 0.106500
0 0.453516 0.545250 0.034594 0.061500
0 0.435375 0.536250 0.020250 0.055500
0 0.419766 0.531000 0.012656 0.033000
0 0.383906 0.543000 0.050625 0.081000
0 0.053156 0.623250 0.106312 0.297000
0 0.337922 0.533250 0.010969 0.028500
0 0.326953 0.533250 0.014344 0.028500
0 0.319359 0.534000 0.014344 0.025500
0 0.280125 0.515250 0.064125 0.102000
0 0.263250 0.550500 0.054000 0.091500
0 0.253547 0.557250 0.039656 0.078000
