0 0.199575 0.450578 0.050534 0.048561
0 0.422881 0.454221 0.038242 0.050989
0 0.239183 0.446936 0.034145 0.036421
0 0.252841 0.434796 0.031413 0.036421
0 0.272645 0.437224 0.019121 0.036421
0 0.285619 0.432368 0.012292 0.026709
0 0.300643 0.437224 0.009560 0.021853
0 0.401028 0.442080 0.013658 0.026709
0 0.383956 0.440866 0.020487 0.033993
0 0.309521 0.432368 0.008195 0.021853
0 0.319081 0.431154 0.010926 0.014568
0 0.328642 0.434796 0.010926 0.016996
0 0.340251 0.433235 0.009560 0.019424
0 0.350494 0.435663 0.010926 0.014568
3 0.368249 0.446590 0.010926 0.016996
