0 0.330947 0.328835 0.010723 0.019063
0 0.318762 0.327969 0.015597 0.034660
0 0.276845 0.335623 0.033143 0.038126
0 0.381637 0.326380 0.016572 0.024262
0 0.398696 0.336778 0.023395 0.031194
0 0.413319 0.352375 0.035093 0.055456
0 0.442563 0.374037 0.062388 0.098781
0 0.523959 0.364506 0.065312 0.062388
0 0.093582 0.564378 0.187163 0.298075
0 0.304627 0.334756 0.028269 0.039859
0 0.354830 0.333890 0.031194 0.038126
0 0.356780 0.415052 0.083833 0.108023
0 0.236391 0.343132 0.045816 0.058922
0 0.183264 0.366528 0.072136 0.074519
0 0.518110 0.448845 0.114053 0.145571
