0 0.451417 0.428889 0.005738 0.013602
0 0.438506 0.430589 0.008608 0.013602
0 0.429420 0.431439 0.009564 0.022103
0 0.422725 0.437390 0.015302 0.027204
0 0.415552 0.442491 0.020084 0.023804
0 0.348127 0.464594 0.080337 0.102015
0 0.294091 0.478196 0.115723 0.132620
0 0.230012 0.437390 0.020084 0.057809
0 0.198930 0.441641 0.059296 0.066310
0 0.152066 0.442491 0.087988 0.071411
0 0.090379 0.443341 0.085119 0.090113
0 0.032517 0.455243 0.065035 0.107116
0 0.926983 0.557258 0.145372 0.127519
0 0.506888 0.432289 0.009564 0.030605
0 0.470067 0.428039 0.014346 0.025504
0 0.457634 0.431439 0.008608 0.015302
0 0.646043 0.482447 0.039212 0.049307
0 0.718251 0.508801 0.080337 0.074811
0 0.461459 0.467570 0.039212 0.057809
1 0.569053 0.450567 0.124331 0.197229
