0 0.456992 0.503203 0.040869 0.030469
0 0.405576 0.511406 0.061963 0.070312
0 0.356138 0.511406 0.063281 0.093750
0 0.223643 0.510234 0.119971 0.133594
0 0.555869 0.505547 0.009229 0.025781
0 0.561143 0.511406 0.011865 0.037500
0 0.611900 0.527812 0.026367 0.060937
0 0.636948 0.530156 0.039551 0.070312
0 0.675840 0.536015 0.064600 0.072656
0 0.752305 0.557109 0.104150 0.128906
0 0.855796 0.582890 0.166113 0.175781
0 0.534116 0.504375 0.029004 0.028125
0 0.575645 0.512578 0.027686 0.049219
0 0.946763 0.609843 0.105469 0.215625
0 0.053614 0.535494 0.074085 0.058922
