0 0.340230 0.505589 0.013401 0.015882
0 0.327574 0.506912 0.014890 0.013235
0 0.313429 0.508236 0.016379 0.015882
0 0.300772 0.509559 0.014890 0.018529
0 0.286627 0.505589 0.025313 0.021176
0 0.266526 0.509559 0.014890 0.013235
0 0.249403 0.512206 0.019357 0.013235
0 0.202351 0.516177 0.019357 0.021176
0 0.174061 0.517500 0.043180 0.029118
0 0.142792 0.520147 0.037224 0.029118
0 0.095145 0.513530 0.025313 0.021176
0 0.450563 0.508236 0.014890 0.015882
0 0.433291 0.508236 0.014890 0.015882
0 0.498061 0.518824 0.037224 0.047647
0 0.007445 0.530736 0.014890 0.029118
