0 0.494014 0.511631 0.007647 0.013595
0 0.511858 0.503021 0.004588 0.010876
0 0.517976 0.493505 0.004588 0.010876
0 0.524476 0.510498 0.009941 0.020393
0 0.525623 0.510498 0.007647 0.023112
0 0.531741 0.512538 0.012236 0.027190
0 0.547418 0.516616 0.032883 0.048943
0 0.566536 0.533610 0.032883 0.063897
0 0.467121 0.515257 0.011471 0.021752
0 0.461004 0.517976 0.008412 0.021752
0 0.451827 0.519335 0.013000 0.021752
0 0.363883 0.542447 0.029824 0.057100
0 0.326284 0.541088 0.052002 0.089728
0 0.269219 0.554022 0.084885 0.112840
0 0.439227 0.522928 0.022177 0.028550
0 0.597526 0.544681 0.071120 0.088369
0 0.753848 0.621998 0.243948 0.243353
0 0.184126 0.589370 0.132298 0.131873
0 0.036877 0.609616 0.073754 0.210725
0 0.656548 0.494864 0.052002 0.046224
0 0.673372 0.506420 0.073414 0.061178
0 0.738756 0.473792 0.063472 0.061178
