0 0.516967 0.520539 0.012248 0.025857
0 0.520321 0.524622 0.013779 0.023135
0 0.531803 0.532107 0.030620 0.046270
0 0.500800 0.546396 0.037509 0.044909
0 0.459081 0.523261 0.012248 0.017692
0 0.452191 0.550479 0.021434 0.077571
0 0.362628 0.564088 0.052054 0.080292
0 0.417302 0.564360 0.071957 0.112954
0 0.477234 0.522678 0.010717 0.017692
0 0.468814 0.524719 0.009186 0.013609
0 0.621011 0.665183 0.284383 0.328754
0 0.793823 0.512374 0.027558 0.012248
0 0.816405 0.512374 0.022199 0.009526
0 0.745805 0.515363 0.050523 0.017692
