0 0.490753 0.502041 0.007749 0.013776
0 0.481713 0.498980 0.008610 0.016837
0 0.462341 0.494388 0.012915 0.016837
0 0.452870 0.496684 0.009471 0.012245
0 0.445982 0.504337 0.012915 0.021429
0 0.410898 0.517156 0.012054 0.020281
0 0.401427 0.520791 0.015497 0.021429
0 0.354720 0.529975 0.027551 0.036735
0 0.380118 0.529209 0.038744 0.041327
1 0.277902 0.514031 0.114031 0.150510
0 0.108913 0.556990 0.049075 0.053571
0 0.160140 0.544898 0.072321 0.050510
0 0.423812 0.514669 0.024968 0.030612
0 0.530250 0.506059 0.015282 0.023342
2 0.508618 0.499362 0.034439 0.070408
0 0.538967 0.513903 0.017219 0.020663
0 0.475112 0.514031 0.018080 0.032143
0 0.461336 0.519388 0.030134 0.042857
0 0.983532 0.676276 0.029273 0.179082
