0 0.863352 0.557157 0.272290 0.306740
0 0.428915 0.504301 0.056539 0.097048
0 0.463034 0.505167 0.033143 0.071053
0 0.476194 0.497369 0.024370 0.069320
0 0.496177 0.504301 0.013647 0.048524
2 0.721845 0.485238 0.088708 0.076252
0 0.555640 0.493903 0.015597 0.024262
0 0.521035 0.494769 0.024370 0.032927
0 0.664638 0.495636 0.021085 0.027728
0 0.639961 0.493903 0.022421 0.031194
0 0.571237 0.485238 0.009748 0.017330
0 0.627776 0.488704 0.011698 0.024262
0 0.531758 0.473107 0.010723 0.010398
0 0.535657 0.464442 0.010723 0.006932
0 0.539069 0.458376 0.011698 0.008665
0 0.566851 0.468774 0.008773 0.019063
