0 0.344555 0.546789 0.109701 0.082343
0 0.183051 0.571709 0.171865 0.101846
0 0.057504 0.572792 0.101169 0.086677
0 0.473758 0.416773 0.012189 0.017335
0 0.474368 0.431942 0.018283 0.017335
0 0.458522 0.441693 0.018283 0.019502
0 0.507278 0.404855 0.010970 0.015169
0 0.515201 0.416773 0.007313 0.017335
0 0.524343 0.436276 0.018283 0.021669
0 0.994107 0.470947 0.009509 0.091011
4 0.928408 0.509951 0.068258 0.073676
0 0.916219 0.496950 0.143830 0.104013
0 0.702911 0.511035 0.036567 0.062841
3 0.767352 0.663078 0.117336 0.218144
0 0.567004 0.711476 0.476590 0.546067
