3 0.739392 0.521585 0.041753 0.088660
1 0.825495 0.470930 0.111897 0.156422
0 0.444224 0.455606 0.086985 0.134021
0 0.987866 0.510105 0.021433 0.115185
0 0.643879 0.497251 0.038273 0.051546
0 0.522101 0.484536 0.008119 0.020619
0 0.512242 0.487629 0.013918 0.030928
0 0.503544 0.494845 0.010438 0.037113
0 0.493106 0.486598 0.015077 0.057732
0 0.489046 0.488660 0.011598 0.049485
0 0.587049 0.497938 0.017397 0.022680
0 0.611405 0.504124 0.019716 0.030928
0 0.563273 0.498969 0.020876 0.028866
0 0.532539 0.498969 0.017397 0.024742
0 0.545297 0.490722 0.010438 0.016495
0 0.553995 0.496907 0.006959 0.020619
0 0.743117 0.498854 0.059296 0.054408
0 0.699123 0.499704 0.034430 0.052708
