0 0.391468 0.513361 0.010926 0.019424
0 0.424929 0.515789 0.015024 0.024281
0 0.448148 0.530358 0.023218 0.048561
0 0.474780 0.548568 0.046437 0.080126
0 0.374395 0.506077 0.012292 0.009712
0 0.364152 0.507291 0.010926 0.016996
0 0.352543 0.509719 0.017755 0.021853
0 0.341617 0.520645 0.034145 0.033993
0 0.332739 0.523073 0.043705 0.038849
0 0.268547 0.532786 0.032779 0.053417
0 0.291083 0.534000 0.075118 0.046133
0 0.251475 0.548568 0.025950 0.060701
0 0.190697 0.559494 0.098336 0.121403
2 0.073240 0.575277 0.144773 0.177248
0 0.406491 0.525501 0.019121 0.033993
0 0.575848 0.603199 0.185747 0.267087
0 0.691257 0.544926 0.080581 0.121403
0 0.835968 0.751195 0.321084 0.402826
0 0.375078 0.518217 0.019121 0.019424
