0 0.691284 0.481965 0.098074 0.092159
0 0.329950 0.525554 0.015412 0.024908
0 0.372682 0.521818 0.016813 0.027399
0 0.371982 0.498155 0.021016 0.014945
0 0.257095 0.531781 0.029422 0.037362
0 0.161122 0.550461 0.019615 0.039852
0 0.144309 0.547971 0.030823 0.034871
0 0.115588 0.554198 0.051839 0.062269
0 0.010999 0.547510 0.021997 0.033949
0 0.050438 0.574124 0.100876 0.102122
0 0.207357 0.552952 0.089668 0.099631
0 0.289319 0.533026 0.040631 0.054797
0 0.350966 0.528044 0.035027 0.049816
0 0.400704 0.530535 0.044834 0.069742
