0 0.414293 0.522497 0.046791 0.098781
0 0.439151 0.517298 0.014622 0.025995
0 0.447924 0.525963 0.020471 0.053723
0 0.465471 0.524230 0.041917 0.053723
0 0.475706 0.532028 0.038992 0.055456
0 0.481068 0.533761 0.030219 0.051990
0 0.521035 0.540693 0.078959 0.097048
0 0.574649 0.561489 0.110153 0.131707
0 0.671643 0.603081 0.235904 0.201027
0 0.252475 0.519898 0.017547 0.020796
0 0.241752 0.533761 0.027295 0.048524
0 0.213483 0.532028 0.060438 0.065854
0 0.154994 0.552824 0.087733 0.079718
0 0.282207 0.541560 0.065312 0.112644
0 0.362141 0.571021 0.121851 0.195828
0 0.051177 0.577953 0.100405 0.195828
0 0.860755 0.665469 0.276845 0.658537
