0 0.459811 0.420414 0.027505 0.023386
0 0.438883 0.416162 0.014350 0.014882
0 0.426326 0.416162 0.013155 0.027638
0 0.416759 0.421476 0.017938 0.038268
0 0.398821 0.420414 0.037072 0.065906
0 0.371317 0.436358 0.058597 0.080787
0 0.484326 0.412973 0.011959 0.017008
0 0.486718 0.418288 0.016742 0.023386
0 0.497480 0.418288 0.016742 0.040394
0 0.511233 0.420414 0.020330 0.048898
0 0.519006 0.426791 0.016742 0.048898
0 0.552490 0.431043 0.062185 0.091417
0 0.279833 0.453366 0.145896 0.191339
0 0.643974 0.473563 0.123174 0.167953
0 0.942702 0.432213 0.111216 0.125433
0 0.832084 0.571465 0.332451 0.348662
