0 0.261297 0.439016 0.087298 0.072283
0 0.446656 0.446457 0.041855 0.048898
0 0.483130 0.437953 0.028701 0.027638
0 0.555480 0.452835 0.009567 0.027638
0 0.566243 0.448583 0.009567 0.019134
0 0.541130 0.453898 0.021526 0.038268
0 0.504058 0.466654 0.055010 0.068032
0 0.618861 0.473032 0.055010 0.080787
0 0.649953 0.461339 0.016742 0.031890
0 0.660118 0.475158 0.027505 0.068032
2 0.714530 0.482599 0.105236 0.129685
0 0.853849 0.464528 0.089690 0.093543
0 0.361750 0.511299 0.167421 0.178583
0 0.086700 0.486851 0.173401 0.380551
0 0.927992 0.589961 0.139916 0.272126
