0 0.392918 0.479471 0.157805 0.117317
0 0.022236 0.484742 0.015780 0.018703
0 0.035386 0.483042 0.011477 0.017003
0 0.045190 0.483467 0.012911 0.014452
0 0.057144 0.483042 0.014824 0.013602
0 0.073403 0.479216 0.021519 0.014452
0 0.091574 0.476666 0.016737 0.012752
0 0.108311 0.473265 0.016737 0.016152
0 0.121462 0.471565 0.011477 0.012752
0 0.130547 0.471990 0.009564 0.011902
0 0.140590 0.470290 0.011477 0.010202
0 0.150632 0.469865 0.009564 0.011052
0 0.158522 0.468164 0.009086 0.009351
0 0.165934 0.466889 0.006695 0.008501
0 0.246988 0.457226 0.009086 0.007651
0 0.236946 0.459776 0.012911 0.009351
0 0.208015 0.464452 0.005738 0.010202
0 0.008129 0.486697 0.016259 0.018703
