0 0.489375 0.276250 0.008437 0.018750
0 0.476264 0.284327 0.018074 0.027405
0 0.442969 0.302500 0.050625 0.086250
0 0.415623 0.323282 0.057106 0.075314
0 0.342796 0.344356 0.113952 0.151213
0 0.220430 0.402812 0.213047 0.215625
0 0.885937 0.269375 0.033750 0.045000
0 0.861679 0.246875 0.023203 0.022500
0 0.870644 0.267500 0.036914 0.048750
0 0.839531 0.254375 0.021094 0.030000
0 0.837949 0.282500 0.028477 0.026250
0 0.792597 0.258125 0.020039 0.015000
0 0.770976 0.268437 0.025312 0.024375
0 0.786269 0.279062 0.032695 0.031875
0 0.751465 0.280000 0.032695 0.041250
0 0.724570 0.280937 0.014766 0.043125
0 0.512226 0.280000 0.014766 0.026250
0 0.521191 0.283750 0.009492 0.033750
0 0.491995 0.313581 0.045907 0.070913
2 0.623320 0.229062 0.196172 0.455625
0 0.923397 0.264875 0.043038 0.028904
0 0.102539 0.477164 0.205078 0.487001
