0 0.073168 0.498766 0.145869 0.086949
0 0.264514 0.481986 0.066928 0.032034
0 0.351177 0.469783 0.060064 0.035085
0 0.212173 0.479698 0.051483 0.027458
0 0.306558 0.464444 0.022309 0.021356
0 0.396224 0.465206 0.026600 0.016780
0 0.372199 0.468257 0.031748 0.022881
0 0.313852 0.476647 0.035180 0.027458
0 0.514635 0.460630 0.031748 0.044237
0 0.736871 0.457579 0.072934 0.077797
0 0.691394 0.454529 0.047193 0.056441
0 0.653640 0.447664 0.045477 0.064068
0 0.633046 0.447664 0.021451 0.051864
0 0.611166 0.452240 0.027458 0.048814
1 0.572983 0.433935 0.047193 0.091525
0 0.820530 0.422495 0.030890 0.032034
0 0.796934 0.424020 0.014587 0.028983
0 0.855711 0.421732 0.013729 0.021356
0 0.905555 0.386349 0.050958 0.069276
0 0.970002 0.375691 0.059951 0.062171
