0 0.351816 0.451558 0.019984 0.014958
0 0.327099 0.454363 0.035760 0.050485
0 0.293443 0.459973 0.021035 0.035526
0 0.233492 0.470256 0.012621 0.037396
0 0.072572 0.470256 0.050485 0.052355
0 0.870836 0.433983 0.030032 0.025932
0 0.496960 0.456233 0.008414 0.005609
0 0.476450 0.456233 0.014725 0.009349
0 0.459096 0.455298 0.022087 0.011219
0 0.439112 0.458103 0.013673 0.013089
0 0.418077 0.453428 0.009466 0.018698
0 0.120953 0.484280 0.084141 0.080402
0 0.157239 0.468387 0.024191 0.033657
0 0.038183 0.487085 0.076367 0.078532
0 0.527461 0.457168 0.013673 0.018698
0 0.210879 0.471191 0.057847 0.054224
0 0.266623 0.468387 0.053640 0.056094
