0 0.585312 0.368955 0.009564 0.027204
0 0.591050 0.372355 0.011477 0.023804
0 0.601092 0.368955 0.014346 0.034005
0 0.607309 0.375756 0.011477 0.034005
0 0.617829 0.376606 0.017215 0.039106
0 0.625959 0.380857 0.018171 0.037406
0 0.637914 0.384257 0.022953 0.047607
0 0.655607 0.387658 0.029648 0.054408
0 0.677604 0.395309 0.037299 0.076511
0 0.709165 0.400410 0.065991 0.107116
0 0.759375 0.411461 0.107116 0.139421
0 0.866874 0.432714 0.208493 0.212532
0 0.485560 0.374056 0.010520 0.027204
0 0.477431 0.377456 0.011477 0.027204
0 0.385139 0.397859 0.031561 0.068010
0 0.353578 0.408911 0.054514 0.076511
0 0.314366 0.425063 0.060253 0.078212
0 0.255070 0.431014 0.075555 0.117317
0 0.125287 0.553262 0.248662 0.482872
0 0.968825 0.506675 0.058340 0.266940
0 0.435637 0.402110 0.075555 0.102015
0 0.500990 0.384257 0.029648 0.034005
0 0.526335 0.379156 0.017215 0.013602
0 0.557895 0.374056 0.015302 0.023804
