0 0.590734 0.408986 0.011698 0.020796
0 0.580985 0.411586 0.011698 0.025995
0 0.629238 0.407253 0.008773 0.013864
0 0.641911 0.416785 0.022421 0.039859
0 0.725257 0.406387 0.011698 0.015597
0 0.739392 0.407253 0.010723 0.017330
0 0.755476 0.407253 0.015597 0.027728
0 0.769611 0.408986 0.012673 0.027728
0 0.787645 0.408120 0.019496 0.032927
0 0.801292 0.411586 0.009748 0.025995
0 0.881226 0.415918 0.019496 0.045058
0 0.848570 0.411586 0.026320 0.050257
0 0.828587 0.410719 0.029244 0.041592
0 0.928504 0.408986 0.061413 0.062388
0 0.970909 0.421117 0.056539 0.062388
0 0.607793 0.420250 0.028269 0.043325
0 0.671643 0.434981 0.062388 0.083184
0 0.220794 0.422850 0.032169 0.013864
0 0.177902 0.426316 0.047766 0.027728
0 0.121364 0.439313 0.073111 0.046791
0 0.051177 0.431515 0.075060 0.051990
0 0.193012 0.484371 0.095531 0.112644
0 0.116002 0.664602 0.230055 0.421117
0 0.409419 0.566688 0.401621 0.551091
