0 0.442471 0.647362 0.014350 0.014882
0 0.428718 0.650551 0.013155 0.025512
0 0.416162 0.652677 0.011959 0.029764
0 0.401811 0.653740 0.016742 0.040394
0 0.389852 0.654803 0.021526 0.051024
0 0.371317 0.659055 0.041855 0.059528
0 0.355852 0.665646 0.053650 0.055701
0 0.481442 0.644173 0.020119 0.034016
0 0.493893 0.642047 0.019134 0.042520
0 0.506449 0.647362 0.020330 0.053150
0 0.543604 0.663520 0.053978 0.059953
0 0.513027 0.650551 0.011959 0.046772
0 0.780502 0.701575 0.291791 0.318898
0 0.916432 0.815740 0.165827 0.355890
0 0.087896 0.752386 0.175792 0.248740
0 0.458761 0.641052 0.010518 0.014958
