0 0.551849 0.553741 0.015221 0.019711
2 0.590872 0.527929 0.035510 0.087410
0 0.512340 0.549782 0.034145 0.043705
0 0.347763 0.560708 0.013658 0.036421
0 0.621602 0.559494 0.042339 0.058273
0 0.314984 0.557066 0.057363 0.067986
0 0.258304 0.565564 0.064192 0.055845
0 0.750669 0.553424 0.084679 0.123831
0 0.734962 0.570421 0.127018 0.152968
0 0.143578 0.577705 0.137944 0.118975
0 0.037047 0.601985 0.072387 0.084982
0 0.881784 0.611698 0.232183 0.478328
0 0.476146 0.563136 0.051900 0.065558
0 0.403077 0.581347 0.105165 0.126259
0 0.039778 0.786344 0.077850 0.223381
0 0.673502 0.554118 0.075118 0.123831
0 0.536087 0.549105 0.014587 0.016780
0 0.573841 0.548342 0.011155 0.021356
0 0.566976 0.546054 0.007722 0.022881
