0 0.825679 0.517222 0.175042 0.138512
2 0.864031 0.459256 0.268908 0.230641
0 0.022972 0.449190 0.045477 0.070169
2 0.196611 0.411054 0.072310 0.051864
0 0.219895 0.433173 0.036038 0.035085
0 0.263682 0.416798 0.037806 0.034274
0 0.272236 0.424425 0.032606 0.037325
0 0.294545 0.414105 0.017161 0.021356
0 0.359757 0.404190 0.010297 0.013729
0 0.370483 0.404190 0.009439 0.016780
0 0.382067 0.403427 0.010297 0.012203
0 0.391934 0.404190 0.007722 0.013729
0 0.401373 0.402307 0.007722 0.014444
0 0.435695 0.407240 0.019735 0.016780
0 0.445991 0.438512 0.040328 0.054915
0 0.456717 0.406478 0.006864 0.015254
0 0.461436 0.411054 0.011155 0.024407
0 0.470017 0.417156 0.018019 0.027458
0 0.507342 0.418681 0.010297 0.030508
0 0.544667 0.421732 0.021451 0.024407
0 0.575128 0.439274 0.037754 0.056441
0 0.330155 0.404952 0.014587 0.018305
0 0.350319 0.408003 0.013729 0.018305
0 0.435695 0.468257 0.076367 0.099153
0 0.491039 0.425545 0.029174 0.044237
0 0.560112 0.461393 0.062638 0.076271
0 0.408718 0.401186 0.006864 0.012203
0 0.414295 0.401186 0.007722 0.006102
0 0.523697 0.412627 0.017161 0.028983
