0 0.464243 0.388359 0.010547 0.021094
0 0.469517 0.388359 0.013184 0.021094
0 0.476109 0.387187 0.013184 0.028125
0 0.481382 0.390703 0.015820 0.035156
0 0.328453 0.389531 0.013184 0.018750
0 0.337681 0.388359 0.010547 0.016406
0 0.267808 0.387187 0.013184 0.023437
0 0.255284 0.389531 0.014502 0.023437
0 0.234849 0.388359 0.036914 0.035156
0 0.183433 0.390703 0.026367 0.035156
0 0.156407 0.391875 0.032959 0.046875
0 0.122789 0.389531 0.044824 0.056250
0 0.077224 0.400078 0.056852 0.053906
2 0.292882 0.373125 0.039501 0.075000
0 0.397095 0.388359 0.015995 0.021094
0 0.422268 0.389531 0.012759 0.018750
0 0.439195 0.388359 0.018457 0.030469
0 0.499839 0.397734 0.036914 0.049219
