0 0.188625 0.476573 0.170591 0.197561
0 0.928504 0.538094 0.141347 0.220090
0 0.831998 0.480905 0.164743 0.199294
0 0.710635 0.456643 0.134523 0.143838
0 0.615591 0.413319 0.121851 0.126508
0 0.545405 0.412452 0.059463 0.086650
0 0.505438 0.402054 0.057514 0.076252
0 0.466933 0.405520 0.040942 0.048524
0 0.439638 0.401188 0.046791 0.050257
0 0.412831 0.391656 0.041917 0.048524
0 0.384562 0.394256 0.028269 0.036393
0 0.368965 0.387324 0.038018 0.043325
0 0.341183 0.391656 0.019496 0.027728
0 0.322174 0.389923 0.022421 0.031194
0 0.302190 0.383858 0.023395 0.025995
0 0.285619 0.382991 0.021446 0.020796
0 0.273434 0.376926 0.016572 0.029461
2 0.036555 0.331001 0.073111 0.325802
0 0.090170 0.411586 0.051665 0.071053
0 0.114540 0.402921 0.016572 0.046791
0 0.174003 0.368261 0.028269 0.019063
0 0.148658 0.370860 0.022421 0.024262
0 0.123313 0.360462 0.018521 0.020796
0 0.092119 0.346598 0.016572 0.017330
0 0.244189 0.396855 0.057514 0.065854
0 0.206172 0.355263 0.018521 0.017330
0 0.190575 0.351797 0.010723 0.017330
0 0.193987 0.341399 0.037043 0.024262
0 0.169129 0.338800 0.014622 0.019063
0 0.149633 0.343999 0.018521 0.022529
0 0.127700 0.342266 0.013647 0.015597
