0 0.412009 0.484008 0.022956 0.047340
0 0.384803 0.494386 0.017446 0.039178
0 0.375162 0.496835 0.016528 0.044075
0 0.361848 0.500099 0.021119 0.047340
0 0.340728 0.503364 0.041320 0.066929
0 0.298031 0.513975 0.077131 0.091415
0 0.278748 0.532747 0.062440 0.093047
0 0.233296 0.542542 0.092741 0.128960
0 0.441734 0.486224 0.010101 0.029383
0 0.449079 0.496018 0.010101 0.022854
0 0.457343 0.496835 0.015610 0.031016
0 0.467444 0.496018 0.019283 0.039178
0 0.472035 0.500916 0.013773 0.035913
0 0.476626 0.504180 0.013773 0.035913
0 0.483513 0.503364 0.014692 0.050605
0 0.506621 0.505230 0.049584 0.079988
0 0.524527 0.519921 0.052339 0.076723
0 0.594771 0.542775 0.112024 0.142019
0 0.667311 0.584401 0.145080 0.195889
0 0.840689 0.594859 0.315871 0.448912
0 0.111361 0.560851 0.222721 0.241596
0 0.025302 0.669406 0.049584 0.184462
