0 0.916611 0.470870 0.159797 0.293795
2 0.058899 0.419881 0.116092 0.182104
0 0.516437 0.432368 0.039608 0.050989
0 0.573117 0.432021 0.016389 0.046133
0 0.594287 0.432021 0.036876 0.055845
0 0.630480 0.439305 0.054631 0.080126
0 0.693989 0.449018 0.077850 0.089838
0 0.780716 0.461158 0.122921 0.133543
0 0.448148 0.417453 0.020487 0.026709
0 0.472049 0.416239 0.016389 0.019424
0 0.235085 0.432021 0.039608 0.041277
0 0.307472 0.419881 0.023218 0.036421
0 0.338202 0.417453 0.024584 0.031565
0 0.375078 0.418667 0.019121 0.024281
0 0.389419 0.416239 0.012292 0.024281
0 0.401711 0.418667 0.015024 0.024281
0 0.418100 0.410169 0.015024 0.031565
0 0.436539 0.416239 0.010926 0.029137
0 0.495267 0.418667 0.013658 0.024281
