3 0.696500 0.476573 0.059463 0.076252
2 0.104304 0.441913 0.066287 0.114377
0 0.481068 0.524230 0.281719 0.486971
0 0.350443 0.469641 0.014622 0.045058
0 0.333384 0.465308 0.027295 0.057189
0 0.312913 0.454910 0.029244 0.046791
0 0.291955 0.458376 0.010723 0.032927
0 0.284644 0.460976 0.013647 0.027728
0 0.274408 0.459243 0.012673 0.024262
0 0.265635 0.457510 0.018521 0.027728
0 0.250526 0.463575 0.009748 0.019063
0 0.240290 0.465308 0.010723 0.019063
0 0.144272 0.463575 0.017547 0.050257
2 0.178877 0.444512 0.032169 0.074519
