0 0.465220 0.515789 0.013658 0.024281
0 0.477512 0.513361 0.010926 0.019424
0 0.489804 0.519431 0.016389 0.021853
0 0.509608 0.518217 0.017755 0.019424
0 0.248743 0.500007 0.055997 0.060701
0 0.222793 0.484224 0.023218 0.029137
0 0.162699 0.478154 0.050534 0.036421
0 0.181820 0.503649 0.077850 0.067986
0 0.035681 0.506077 0.069655 0.101978
0 0.077337 0.510933 0.139310 0.101978
0 0.394882 0.508505 0.042339 0.072842
0 0.437221 0.529144 0.055997 0.080126
0 0.319081 0.514575 0.098336 0.128687
0 0.888613 0.559494 0.202136 0.121403
