0 0.481869 0.447512 0.014396 0.019194
0 0.462675 0.449644 0.019194 0.019194
0 0.390097 0.453910 0.027592 0.036256
0 0.361905 0.449644 0.035989 0.044787
0 0.331914 0.454976 0.035989 0.051185
0 0.300723 0.463507 0.045586 0.051185
0 0.255737 0.470971 0.051585 0.070379
0 0.177760 0.472038 0.116365 0.127962
0 0.512460 0.457109 0.013196 0.025592
0 0.523257 0.458175 0.013196 0.023460
0 0.533454 0.461374 0.016795 0.034123
0 0.540652 0.465639 0.019194 0.034123
0 0.561646 0.467772 0.029991 0.046919
0 0.601234 0.469905 0.070779 0.085308
0 0.954471 0.491232 0.091057 0.119431
0 0.928079 0.651184 0.143842 0.247393
