4 0.161215 0.449845 0.022037 0.042443
0 0.016867 0.529716 0.033733 0.132225
2 0.395450 0.392050 0.023874 0.031016
2 0.372495 0.397763 0.027547 0.026119
2 0.506862 0.384758 0.014692 0.027751
0 0.343417 0.399940 0.022037 0.022854
0 0.361323 0.448096 0.052339 0.076723
0 0.603539 0.470716 0.077131 0.158343
0 0.517783 0.409501 0.021316 0.029383
0 0.527063 0.426874 0.024792 0.068561
1 0.569149 0.413271 0.083559 0.171403
1 0.452075 0.383888 0.062440 0.024486
0 0.250676 0.450544 0.171709 0.212213
0 0.446259 0.500333 0.164363 0.220375
2 0.806256 0.387816 0.384738 0.767231
