0 0.090967 0.607546 0.179318 0.296612
0 0.922199 0.658829 0.148912 0.399178
0 0.297240 0.538475 0.070168 0.113655
0 0.227462 0.558573 0.113049 0.153850
0 0.505405 0.496201 0.006237 0.020791
0 0.512422 0.501745 0.012474 0.029107
0 0.520218 0.512833 0.017152 0.034651
0 0.545167 0.516992 0.042101 0.062372
0 0.590387 0.521843 0.057694 0.094250
0 0.629759 0.552336 0.070948 0.141376
0 0.804399 0.527271 0.319655 0.340734
0 0.466384 0.480816 0.009356 0.018018
0 0.458198 0.487053 0.008576 0.019405
0 0.452350 0.491211 0.009356 0.016632
0 0.439486 0.493290 0.017932 0.031879
0 0.427714 0.509784 0.027132 0.034374
