0 0.677088 0.452827 0.125316 0.204219
0 0.068354 0.435949 0.136709 0.092827
0 0.223576 0.427510 0.139557 0.086076
0 0.310443 0.433755 0.036076 0.047257
0 0.365506 0.421941 0.121519 0.067511
0 0.434335 0.421941 0.050316 0.047257
0 0.488621 0.422785 0.069647 0.038819
0 0.741930 0.436287 0.019937 0.035443
0 0.762816 0.443882 0.019937 0.027004
0 0.790348 0.436287 0.025633 0.045570
0 0.778481 0.435443 0.015190 0.030380
0 0.751898 0.437131 0.007595 0.023629
0 0.131487 0.371589 0.029430 0.015190
0 0.584200 0.357878 0.022925 0.028019
0 0.558410 0.362972 0.025790 0.022925
0 0.532757 0.431746 0.024357 0.017830
0 0.558547 0.425378 0.024357 0.020377
2 0.894513 0.325958 0.207754 0.644435
