2 0.090267 0.658919 0.180533 0.256205
0 0.836158 0.752744 0.323380 0.310594
0 0.400695 0.663673 0.023763 0.029388
0 0.378482 0.666428 0.018597 0.020204
0 0.361951 0.665510 0.014464 0.025714
0 0.347487 0.671020 0.020663 0.022041
0 0.320625 0.674694 0.022730 0.047755
0 0.286014 0.677449 0.046492 0.060612
0 0.240038 0.681122 0.057857 0.097347
0 0.186314 0.689388 0.047525 0.066122
0 0.434789 0.656326 0.009298 0.025714
0 0.446154 0.654490 0.011365 0.025714
0 0.458036 0.659081 0.010332 0.031224
0 0.471467 0.664592 0.020663 0.042245
0 0.496779 0.665510 0.029962 0.062449
0 0.667768 0.694898 0.177704 0.216735
0 0.536039 0.668265 0.052691 0.086327
