0 0.418553 0.473032 0.055010 0.048898
0 0.646366 0.439016 0.015546 0.014882
0 0.727087 0.426260 0.009567 0.031890
0 0.733664 0.425197 0.013155 0.034016
0 0.747417 0.424134 0.021526 0.036142
0 0.759973 0.426260 0.022721 0.048898
0 0.789152 0.429449 0.058597 0.093543
0 0.851337 0.431575 0.089690 0.123307
0 0.921296 0.453898 0.105236 0.142441
0 0.658803 0.431575 0.015546 0.021260
0 0.108824 0.531496 0.162638 0.140315
0 0.241565 0.513425 0.102845 0.091417
0 0.359956 0.483662 0.071752 0.078661
0 0.523790 0.513425 0.188947 0.218976
0 0.676262 0.428386 0.020330 0.023386
1 0.701974 0.414567 0.033484 0.059528
0 0.960161 0.461126 0.075340 0.223228
