0 0.409987 0.665567 0.010438 0.020619
0 0.392590 0.665567 0.012758 0.020619
0 0.379253 0.662474 0.016237 0.039175
0 0.363016 0.659382 0.018557 0.041237
0 0.342139 0.665567 0.023196 0.057732
0 0.304446 0.667629 0.059149 0.078351
0 0.426804 0.663505 0.018557 0.020619
0 0.453479 0.659382 0.018557 0.020619
0 0.473776 0.662474 0.012758 0.010309
0 0.487693 0.666598 0.015077 0.014433
0 0.531766 0.665567 0.024356 0.053608
0 0.562500 0.667629 0.044072 0.061856
0 0.607152 0.680000 0.084665 0.094845
0 0.935142 0.692371 0.126418 0.103093
