0 0.691643 0.511942 0.008576 0.012474
0 0.681508 0.513328 0.008576 0.012474
0 0.692812 0.533426 0.012474 0.019405
2 0.676050 0.531347 0.016373 0.023563
0 0.660791 0.539168 0.019491 0.016632
0 0.645978 0.542633 0.013254 0.012474
0 0.637402 0.550950 0.008576 0.018018
0 0.663130 0.557187 0.016373 0.030493
0 0.648317 0.559266 0.017932 0.029107
0 0.681675 0.561345 0.031186 0.049897
0 0.707013 0.539861 0.011695 0.026335
0 0.594354 0.552336 0.018711 0.012474
0 0.575643 0.566196 0.020271 0.037423
0 0.553423 0.571740 0.022610 0.040195
1 0.199909 0.536396 0.337586 0.257803
3 0.004532 0.621637 0.009063 0.090092
0 0.606160 0.581937 0.051457 0.058214
0 0.519230 0.572235 0.067829 0.091478
0 0.403842 0.604114 0.159827 0.188501
