2 0.388986 0.560204 0.069222 0.121224
2 0.520370 0.555612 0.020663 0.042245
0 0.503460 0.550102 0.009298 0.020204
0 0.514825 0.571408 0.015497 0.022408
0 0.482039 0.546735 0.029411 0.024490
0 0.478664 0.545510 0.013431 0.018367
0 0.498295 0.571224 0.017564 0.033061
0 0.542204 0.550102 0.012398 0.009184
0 0.555635 0.572143 0.018597 0.049592
0 0.568033 0.575816 0.030995 0.056939
0 0.574232 0.583163 0.030995 0.064286
0 0.593331 0.582376 0.045459 0.093673
0 0.617094 0.583294 0.037194 0.128571
0 0.690448 0.563090 0.148775 0.242449
0 0.814668 0.618245 0.289247 0.334286
0 0.908724 0.739113 0.179770 0.416939
0 0.539655 0.565408 0.018597 0.031224
0 0.484381 0.581020 0.032028 0.051429
0 0.450188 0.581694 0.053724 0.090000
0 0.222647 0.635510 0.357474 0.407755
0 0.003903 0.713705 0.007806 0.091837
