0 0.676265 0.407381 0.014346 0.027204
0 0.704479 0.404830 0.007651 0.015302
0 0.709739 0.403980 0.008608 0.013602
0 0.739387 0.411631 0.014346 0.022103
0 0.684872 0.408231 0.008608 0.011902
0 0.663354 0.403980 0.019128 0.037406
0 0.750385 0.415032 0.021041 0.022103
0 0.603101 0.425233 0.015302 0.032305
0 0.585886 0.426083 0.030605 0.057809
0 0.760427 0.417582 0.010520 0.030605
0 0.767600 0.419282 0.015302 0.040806
0 0.780512 0.420132 0.023910 0.045907
0 0.791988 0.421833 0.025823 0.052708
0 0.808247 0.420983 0.027735 0.057809
0 0.832157 0.422683 0.044950 0.068010
0 0.852719 0.427784 0.032517 0.081612
0 0.912781 0.417582 0.105203 0.153023
0 0.564558 0.435435 0.039212 0.056108
0 0.527259 0.442236 0.056427 0.073111
2 0.626724 0.410781 0.035387 0.068010
0 0.461364 0.457368 0.099465 0.105416
0 0.298873 0.501575 0.190322 0.180227
0 0.652642 0.421663 0.022953 0.034005
0 0.694245 0.409761 0.008608 0.013602
0 0.716242 0.408061 0.010520 0.013602
0 0.728675 0.406700 0.010520 0.013602
0 0.067266 0.533596 0.134532 0.307746
0 0.958146 0.435831 0.083206 0.170025
