0 0.346341 0.479989 0.007020 0.022881
0 0.352191 0.479989 0.007020 0.018721
0 0.428246 0.484149 0.009361 0.018721
0 0.421810 0.493510 0.015211 0.024961
0 0.446967 0.484149 0.016381 0.018721
0 0.451062 0.497670 0.022231 0.029122
0 0.324109 0.487269 0.009361 0.029122
0 0.317089 0.479989 0.011701 0.022881
0 0.310654 0.476869 0.012871 0.024961
0 0.276722 0.489349 0.012871 0.012481
0 0.266776 0.492470 0.009361 0.014561
0 0.257415 0.493510 0.009361 0.012481
0 0.232259 0.495590 0.010531 0.012481
0 0.225824 0.493510 0.007020 0.016641
0 0.178436 0.502870 0.008190 0.018721
0 0.170830 0.504950 0.007020 0.018721
0 0.163225 0.504950 0.010531 0.018721
0 0.155034 0.504950 0.010531 0.022881
0 0.145089 0.507030 0.011701 0.018721
0 0.107208 0.509482 0.032762 0.031202
0 0.245861 0.497001 0.012871 0.018721
0 0.435412 0.480360 0.010531 0.018721
0 0.454718 0.510522 0.018721 0.033282
0 0.409086 0.501161 0.016381 0.022881
0 0.296174 0.532363 0.054993 0.072804
0 0.086146 0.514682 0.016381 0.024961
0 0.066840 0.519883 0.024571 0.031202
0 0.031153 0.520923 0.030422 0.029122
0 0.056895 0.525083 0.035102 0.029122
0 0.007752 0.525083 0.014041 0.029122
