2 0.713401 0.547038 0.055184 0.027725
2 0.624027 0.550237 0.073178 0.059716
2 0.570043 0.551303 0.032390 0.049052
2 0.531055 0.559834 0.055184 0.040521
0 0.797976 0.589692 0.061182 0.044787
0 0.896946 0.614218 0.146357 0.085308
0 0.896346 0.725118 0.205139 0.187678
0 0.760787 0.644075 0.152355 0.127962
0 0.375701 0.612085 0.111567 0.166351
0 0.277930 0.525711 0.014396 0.010664
0 0.293525 0.524644 0.021594 0.017062
0 0.295925 0.537440 0.016795 0.025592
0 0.311520 0.533175 0.009597 0.017062
0 0.329515 0.526777 0.016795 0.012796
0 0.267133 0.523578 0.011996 0.023460
0 0.234743 0.512914 0.009597 0.027725
0 0.242540 0.528910 0.022793 0.029858
0 0.140571 0.506516 0.010797 0.014929
0 0.130974 0.502251 0.003599 0.019194
0 0.119577 0.510782 0.019194 0.031991
0 0.140571 0.524644 0.027592 0.025592
0 0.097983 0.502251 0.019194 0.019194
0 0.080589 0.509715 0.017995 0.021327
0 0.064393 0.501185 0.014396 0.012796
0 0.058995 0.509715 0.015595 0.021327
0 0.042800 0.503317 0.019194 0.017062
0 0.029604 0.512914 0.035989 0.031991
