0 0.394090 0.574735 0.009064 0.014324
0 0.403657 0.579211 0.016114 0.019695
0 0.438907 0.586373 0.038271 0.048342
0 0.447971 0.595325 0.026185 0.044761
0 0.484731 0.594430 0.057406 0.064456
0 0.507895 0.621287 0.073520 0.078780
0 0.626233 0.595325 0.094670 0.062666
0 0.605083 0.670524 0.153084 0.162931
0 0.812048 0.639191 0.204447 0.111008
0 0.340208 0.572944 0.022157 0.035809
0 0.356322 0.574735 0.010071 0.017905
0 0.333158 0.582792 0.026185 0.026857
0 0.299419 0.594430 0.063449 0.100265
0 0.248056 0.600696 0.065463 0.137865
0 0.157918 0.612334 0.169198 0.229178
0 0.085405 0.697381 0.169198 0.399271
