0 0.509406 0.639191 0.010071 0.017905
0 0.491277 0.643667 0.016114 0.030438
0 0.474660 0.649934 0.013093 0.039390
0 0.461567 0.651724 0.019135 0.053714
0 0.445453 0.649934 0.029207 0.082361
0 0.431353 0.661572 0.025178 0.098475
0 0.377472 0.666943 0.104741 0.162931
0 0.543648 0.639191 0.014100 0.017905
0 0.548180 0.647248 0.007050 0.030438
0 0.557244 0.649039 0.017121 0.030438
0 0.577891 0.649039 0.022157 0.044761
0 0.601054 0.658886 0.054385 0.078780
0 0.637815 0.671419 0.063449 0.111008
0 0.705292 0.687533 0.127905 0.164722
