0 0.510386 0.603984 0.021094 0.035156
0 0.524229 0.613359 0.022412 0.039844
0 0.541367 0.627421 0.035596 0.063281
0 0.567735 0.633281 0.030322 0.075000
0 0.607285 0.646171 0.069873 0.114844
0 0.253965 0.654375 0.067236 0.075000
0 0.188047 0.671953 0.083057 0.096094
0 0.087193 0.704765 0.134473 0.147656
0 0.456333 0.605156 0.023730 0.032812
0 0.389097 0.606328 0.034277 0.044531
0 0.408872 0.605156 0.021094 0.032812
0 0.422056 0.602812 0.023730 0.037500
0 0.684409 0.671953 0.145019 0.152344
0 0.016570 0.765703 0.033140 0.114844
0 0.880845 0.783281 0.237305 0.431250
