0 0.472916 0.687481 0.008190 0.022881
0 0.479351 0.686441 0.011701 0.024961
0 0.462970 0.692682 0.009361 0.020801
0 0.469405 0.705162 0.012871 0.020801
0 0.365269 0.691641 0.019891 0.035362
0 0.385745 0.694762 0.032762 0.041602
0 0.565351 0.717643 0.019891 0.054083
0 0.595773 0.713483 0.057333 0.087365
0 0.658372 0.740524 0.091265 0.099846
0 0.496902 0.713483 0.044463 0.062404
0 0.432548 0.708282 0.060844 0.097766
2 0.430208 0.636518 0.056163 0.074884
0 0.076847 0.756645 0.152109 0.163290
0 0.303840 0.706202 0.037442 0.035362
0 0.977216 0.927736 0.043293 0.137288
0 0.185078 0.714068 0.043293 0.059413
3 0.899991 0.795648 0.047973 0.085285
