0 0.205287 0.573500 0.409950 0.363845
0 0.455375 0.510271 0.190936 0.199671
0 0.585786 0.469782 0.116059 0.147535
0 0.647871 0.463126 0.075501 0.107601
0 0.680941 0.455361 0.049294 0.089852
0 0.710268 0.448151 0.035566 0.082087
0 0.732107 0.448151 0.041806 0.066557
0 0.757690 0.442050 0.024335 0.047699
0 0.775785 0.440386 0.008112 0.031060
0 0.785457 0.437058 0.017471 0.026623
0 0.798872 0.433176 0.014351 0.025514
0 0.852846 0.435394 0.023711 0.052136
0 0.866261 0.445932 0.034318 0.057683
0 0.904012 0.470337 0.089852 0.128677
0 0.961105 0.585702 0.075501 0.492522
0 0.943634 0.505834 0.074253 0.173048
4 0.548595 0.495613 0.056158 0.118693
0 0.821044 0.423273 0.026831 0.044371
