0 0.469738 0.476814 0.010991 0.017763
0 0.458747 0.489248 0.018984 0.028421
0 0.503710 0.483031 0.008993 0.015987
0 0.514202 0.487472 0.017985 0.031974
0 0.514701 0.493689 0.008993 0.023092
0 0.494218 0.491913 0.013988 0.030197
0 0.312920 0.494704 0.026978 0.030197
0 0.275950 0.512467 0.072940 0.065724
0 0.252969 0.492928 0.068943 0.079934
0 0.194517 0.502697 0.061949 0.067500
0 0.105590 0.506250 0.129893 0.099474
0 0.348390 0.515132 0.065946 0.099474
0 0.417833 0.532007 0.100917 0.133224
0 0.529741 0.499145 0.032973 0.046184
0 0.482780 0.502697 0.030975 0.039079
0 0.139685 0.714079 0.277771 0.426316
