0 0.384301 0.633046 0.014502 0.021094
0 0.376391 0.636562 0.011865 0.023437
0 0.366504 0.635390 0.010547 0.025781
0 0.417920 0.626015 0.010547 0.016406
0 0.426489 0.635390 0.022412 0.025781
0 0.450879 0.627187 0.010547 0.014062
0 0.545141 0.629531 0.017139 0.028125
0 0.558325 0.627187 0.011865 0.023437
0 0.282129 0.648281 0.029004 0.046875
0 0.210278 0.654140 0.040869 0.049219
0 0.839976 0.629531 0.145019 0.117187
0 0.067418 0.660234 0.063281 0.077344
0 0.126085 0.676640 0.133154 0.119531
0 0.491270 0.627421 0.017139 0.025781
0 0.524888 0.627421 0.026367 0.039844
0 0.571690 0.628593 0.022412 0.028125
0 0.352183 0.629765 0.023730 0.030469
0 0.710117 0.681328 0.188525 0.189844
0 0.633653 0.629765 0.027686 0.063281
0 0.007342 0.668437 0.014683 0.075000
0 0.913145 0.656718 0.172705 0.154687
0 0.404058 0.629942 0.010723 0.019063
