0 0.351870 0.393580 0.010324 0.012236
0 0.341547 0.392051 0.012618 0.017334
0 0.329502 0.393070 0.017206 0.029569
0 0.294803 0.398168 0.008603 0.019373
0 0.282185 0.392051 0.022368 0.019373
0 0.280751 0.403267 0.020648 0.017334
0 0.365636 0.392051 0.013765 0.015295
0 0.390585 0.393580 0.010897 0.014275
0 0.377967 0.393070 0.016633 0.021412
0 0.400110 0.389356 0.009300 0.016023
0 0.405907 0.392269 0.008030 0.016314
0 0.409922 0.395838 0.009177 0.019373
0 0.416014 0.397659 0.009177 0.022432
0 0.424044 0.396129 0.011471 0.027530
0 0.432934 0.396639 0.015486 0.030589
0 0.450427 0.397659 0.026383 0.044864
0 0.476524 0.406835 0.047604 0.063218
0 0.508355 0.418561 0.035560 0.072394
0 0.532731 0.421620 0.043016 0.088708
0 0.561408 0.429777 0.044163 0.107062
0 0.022667 0.423150 0.044163 0.112160
1 0.156399 0.373527 0.231713 0.216163
0 0.311543 0.397998 0.031545 0.036707
0 0.641619 0.427058 0.142239 0.182515
