0 0.192795 0.391710 0.076069 0.130570
0 0.523300 0.418718 0.010492 0.018264
0 0.532481 0.418523 0.007869 0.018653
0 0.543629 0.418523 0.011804 0.027979
0 0.570515 0.422021 0.013115 0.025648
0 0.580351 0.426684 0.009181 0.020984
0 0.653141 0.433679 0.018361 0.025648
0 0.478708 0.409391 0.010492 0.022927
0 0.468216 0.410363 0.007869 0.020984
0 0.451822 0.411529 0.009181 0.023316
0 0.433460 0.406477 0.022296 0.041969
0 0.404607 0.406477 0.035411 0.055959
0 0.368540 0.401813 0.055084 0.097927
0 0.318701 0.380829 0.078692 0.163212
2 0.078692 0.354404 0.157383 0.368394
0 0.495758 0.408420 0.010492 0.025648
0 0.508873 0.413083 0.010492 0.011658
0 0.512152 0.423575 0.011804 0.013990
0 0.558711 0.422409 0.015738 0.025648
0 0.593467 0.431736 0.017050 0.025648
0 0.667568 0.453497 0.034100 0.039637
0 0.624288 0.450000 0.047215 0.060622
