0 0.097846 0.605698 0.194132 0.302156
0 0.493126 0.519764 0.025728 0.030493
0 0.545752 0.544019 0.051457 0.098409
0 0.418670 0.528080 0.043660 0.066530
0 0.469736 0.573819 0.088100 0.121971
0 0.597598 0.577284 0.091219 0.120585
0 0.270537 0.521150 0.035864 0.038809
0 0.309519 0.525308 0.042101 0.036037
0 0.340705 0.514913 0.017152 0.023563
0 0.396450 0.504517 0.016373 0.024949
0 0.435822 0.477490 0.010915 0.012474
0 0.412043 0.476104 0.010135 0.009702
0 0.513397 0.481648 0.014813 0.026335
0 0.474024 0.477490 0.009356 0.012474
0 0.424127 0.474717 0.015593 0.015246
0 0.385242 0.478777 0.016373 0.022177
