0 0.325676 0.479205 0.010058 0.021457
0 0.314110 0.480993 0.013075 0.025033
0 0.271363 0.480099 0.022127 0.023245
0 0.296508 0.488146 0.036209 0.039338
0 0.199449 0.471159 0.025145 0.026821
0 0.221074 0.510497 0.070406 0.080464
0 0.378481 0.495298 0.033191 0.039338
0 0.540916 0.495298 0.048278 0.064371
0 0.645016 0.514073 0.113655 0.144834
0 0.750625 0.479205 0.019110 0.025033
0 0.775267 0.492616 0.028162 0.026821
0 0.804435 0.495298 0.016093 0.032185
0 0.774764 0.472947 0.015087 0.019669
0 0.798400 0.470265 0.014081 0.017881
0 0.840140 0.489040 0.037214 0.041126
0 0.874337 0.476523 0.041238 0.033974
0 0.909037 0.485464 0.020116 0.023245
1 0.745979 0.453278 0.046506 0.023245
0 0.938018 0.461788 0.014041 0.024961
0 0.966100 0.457627 0.018721 0.029122
0 0.964930 0.494030 0.067864 0.056163
0 0.602793 0.477389 0.015211 0.022881
