0 0.479390 0.409371 0.010926 0.014568
0 0.487585 0.410585 0.010926 0.016996
0 0.479390 0.423939 0.010926 0.019424
0 0.465732 0.422725 0.019121 0.031565
0 0.428173 0.416655 0.015024 0.024281
0 0.413832 0.411799 0.016389 0.024281
0 0.398126 0.417869 0.017755 0.021853
0 0.366030 0.408157 0.027316 0.026709
0 0.359201 0.414227 0.010926 0.019424
0 0.368079 0.421511 0.015024 0.024281
0 0.440465 0.430009 0.031413 0.041277
0 0.525144 0.443364 0.050534 0.082554
0 0.585238 0.437294 0.012292 0.026709
0 0.551094 0.428795 0.009560 0.029137
0 0.599579 0.440936 0.027316 0.038849
0 0.342129 0.410585 0.028681 0.041277
0 0.313447 0.409371 0.017755 0.014568
0 0.287497 0.409371 0.017755 0.019424
0 0.228769 0.398445 0.025950 0.036421
0 0.248573 0.415441 0.030047 0.036421
0 0.268376 0.420297 0.045071 0.041277
0 0.146139 0.411799 0.024584 0.043705
0 0.028169 0.412597 0.054631 0.065558
0 0.967145 0.519431 0.061460 0.070414
