0 0.467908 0.370860 0.019496 0.027728
0 0.490328 0.369994 0.009748 0.029461
0 0.453773 0.372593 0.014622 0.020796
0 0.416730 0.384724 0.024370 0.031194
2 0.229567 0.384724 0.102355 0.135173
0 0.179365 0.415918 0.083833 0.121309
0 0.279282 0.426316 0.084808 0.083184
0 0.106741 0.462709 0.188138 0.169833
0 0.537607 0.369127 0.010723 0.024262
0 0.553203 0.374326 0.012673 0.024262
0 0.579523 0.377792 0.036068 0.065854
0 0.711610 0.386457 0.062388 0.079718
0 0.701374 0.337067 0.038018 0.025995
0 0.809578 0.380392 0.078959 0.091849
0 0.875377 0.381258 0.093582 0.103980
0 0.931429 0.404654 0.086758 0.161168
0 0.929479 0.589217 0.139398 0.322336
0 0.648735 0.408120 0.106254 0.119576
