0 0.324526 0.384623 0.021492 0.020377
0 0.313780 0.388444 0.020059 0.017830
0 0.295870 0.387170 0.030088 0.035660
0 0.282975 0.397359 0.027223 0.035660
0 0.253464 0.401679 0.046128 0.059584
0 0.198441 0.424104 0.038685 0.063679
0 0.152592 0.426651 0.084534 0.084057
0 0.371330 0.383349 0.012895 0.017830
0 0.387807 0.387170 0.020059 0.030566
0 0.396404 0.394812 0.020059 0.035660
0 0.412881 0.398632 0.032954 0.048396
0 0.453715 0.407548 0.051580 0.081510
0 0.491684 0.415189 0.067341 0.096793
0 0.526787 0.429198 0.083101 0.114623
0 0.626604 0.461038 0.163337 0.178302
0 0.355092 0.387170 0.018626 0.020377
0 0.058028 0.442359 0.116056 0.142642
0 0.837224 0.461463 0.323809 0.328585
1 0.477834 0.377406 0.101728 0.084057
