0 0.419978 0.483184 0.017755 0.024281
0 0.413150 0.489254 0.015024 0.036421
0 0.402906 0.490468 0.016389 0.038849
0 0.389248 0.495324 0.024584 0.053417
0 0.374225 0.496538 0.032779 0.070414
0 0.349641 0.503822 0.051900 0.089838
0 0.319593 0.523247 0.065558 0.109263
0 0.246524 0.539636 0.124286 0.160252
0 0.458220 0.480149 0.012292 0.026709
0 0.469147 0.482577 0.012292 0.036421
0 0.480756 0.489861 0.021853 0.046133
0 0.494414 0.491075 0.027316 0.053417
0 0.515583 0.500787 0.045071 0.063130
0 0.566117 0.520212 0.066923 0.116547
0 0.625529 0.521426 0.109263 0.191817
0 0.810183 0.542064 0.344724 0.378777
0 0.940888 0.702680 0.113360 0.354497
