0 0.825645 0.575205 0.344603 0.332649
0 0.625666 0.508675 0.162946 0.199589
0 0.511447 0.478183 0.082642 0.102567
0 0.470906 0.461550 0.043660 0.069302
0 0.436212 0.448383 0.027288 0.037423
0 0.143455 0.461550 0.087320 0.072074
0 0.239741 0.444918 0.039762 0.047125
0 0.020271 0.465015 0.032745 0.023563
0 0.264300 0.448383 0.014034 0.034651
0 0.283791 0.440067 0.018711 0.031879
0 0.317706 0.439374 0.013254 0.022177
0 0.327451 0.438681 0.009356 0.015246
0 0.340315 0.435908 0.011695 0.012474
0 0.362145 0.435215 0.017932 0.022177
0 0.414771 0.442839 0.012474 0.031879
0 0.403856 0.439374 0.009356 0.022177
0 0.394890 0.440067 0.008576 0.020791
0 0.384365 0.433829 0.007796 0.016632
0 0.302502 0.440760 0.014034 0.027721
