0 0.437217 0.480937 0.014502 0.023437
0 0.424693 0.484453 0.013184 0.021094
0 0.536094 0.498515 0.011865 0.025781
0 0.547300 0.504375 0.018457 0.037500
0 0.588169 0.473906 0.021094 0.037500
2 0.340318 0.483281 0.023730 0.046875
2 0.113560 0.471562 0.052734 0.042187
0 0.086534 0.486797 0.032959 0.016406
0 0.039073 0.486797 0.032959 0.025781
0 0.289561 0.480937 0.048779 0.103125
0 0.240123 0.505547 0.084375 0.096094
0 0.565757 0.511406 0.034277 0.046875
0 0.646836 0.513750 0.130517 0.173437
0 0.485337 0.530156 0.105469 0.168750
