0 0.340883 0.476333 0.022878 0.026593
0 0.308766 0.480243 0.016719 0.021900
0 0.413477 0.475550 0.013199 0.025029
0 0.426676 0.478679 0.016719 0.021900
0 0.439434 0.481026 0.015839 0.020336
0 0.451753 0.481808 0.015839 0.021900
0 0.469792 0.486501 0.020238 0.028158
0 0.252010 0.481026 0.049276 0.057879
0 0.212854 0.479461 0.014959 0.026593
0 0.198775 0.481808 0.020238 0.034415
0 0.188216 0.488065 0.016719 0.028158
0 0.174137 0.488065 0.016719 0.031286
0 0.162258 0.489629 0.014079 0.025029
0 0.145540 0.487283 0.024638 0.039108
0 0.103611 0.477897 0.055435 0.053187
0 0.010779 0.484154 0.021118 0.059444
0 0.873105 0.497451 0.043116 0.042236
0 0.384763 0.492870 0.050156 0.076651
