0 0.577413 0.525363 0.011937 0.031016
0 0.586136 0.527811 0.012855 0.032648
0 0.599909 0.530260 0.027547 0.047340
0 0.626997 0.537606 0.057848 0.065296
0 0.680407 0.556106 0.093659 0.117533
0 0.770241 0.611608 0.142325 0.159976
0 0.528165 0.491681 0.007346 0.009794
0 0.505668 0.503108 0.010101 0.013059
0 0.460951 0.525227 0.029383 0.037545
0 0.429272 0.534205 0.041320 0.055502
0 0.518340 0.561140 0.076213 0.106106
0 0.364231 0.524547 0.033056 0.042443
0 0.270724 0.535701 0.037647 0.044075
0 0.227109 0.541415 0.051421 0.058767
0 0.174310 0.542231 0.057848 0.063664
0 0.323982 0.556106 0.083559 0.097944
0 0.104627 0.612816 0.209254 0.207316
0 0.888284 0.689539 0.219457 0.288936
