3 0.586347 0.459243 0.014622 0.076252
3 0.565389 0.440180 0.011698 0.055456
3 0.555640 0.431515 0.007798 0.027728
0 0.084808 0.493903 0.169617 0.155969
0 0.480187 0.465707 0.084621 0.130772
0 0.374326 0.422850 0.042892 0.055456
2 0.892596 0.468774 0.213802 0.441913
0 0.753039 0.454044 0.127700 0.190629
2 0.669693 0.376926 0.148171 0.230488
0 0.438176 0.427182 0.028269 0.032927
0 0.404058 0.419384 0.020471 0.041592
0 0.421117 0.420250 0.011698 0.029461
2 0.550766 0.410719 0.023395 0.051990
0 0.532732 0.417651 0.012673 0.031194
