0 0.022620 0.507749 0.044878 0.211124
0 0.974414 0.767086 0.048278 0.307550
0 0.856202 0.600523 0.286590 0.279484
0 0.931165 0.488146 0.120695 0.075099
0 0.206490 0.528377 0.226304 0.202053
0 0.515269 0.467583 0.049284 0.066159
0 0.567941 0.440490 0.029910 0.040582
0 0.338752 0.457748 0.058336 0.067947
0 0.373452 0.448808 0.031180 0.064371
0 0.388036 0.445232 0.022127 0.050066
0 0.403122 0.430927 0.032185 0.064371
0 0.419718 0.429139 0.015087 0.039338
0 0.427764 0.429139 0.013075 0.039338
0 0.437822 0.426457 0.011064 0.030397
0 0.450395 0.415728 0.020116 0.033974
0 0.462464 0.417517 0.014081 0.023245
0 0.475037 0.418411 0.009052 0.017881
0 0.481072 0.417517 0.009052 0.019669
0 0.560026 0.425563 0.026151 0.032185
0 0.544940 0.418411 0.010058 0.017881
0 0.538402 0.418411 0.011064 0.021457
0 0.517280 0.414834 0.013075 0.017881
