1 0.443150 0.480468 0.050098 0.098437
0 0.414805 0.483984 0.011865 0.039844
0 0.386460 0.496875 0.063281 0.126562
0 0.336363 0.492187 0.034277 0.037500
0 0.329112 0.503906 0.027686 0.042187
0 0.315269 0.510937 0.023730 0.037500
0 0.298789 0.512109 0.027686 0.063281
0 0.271104 0.526172 0.051416 0.082031
2 0.147837 0.515625 0.205664 0.234375
0 0.466221 0.521484 0.022412 0.053906
0 0.485337 0.529687 0.031641 0.079687
2 0.534776 0.509765 0.072510 0.166406
2 0.685728 0.480468 0.247851 0.360937
0 0.013274 0.679687 0.026548 0.225000
