0 0.380412 0.506804 0.009278 0.024742
0 0.502771 0.521237 0.031314 0.045361
0 0.142655 0.514021 0.039433 0.051546
0 0.594039 0.512781 0.056120 0.056224
0 0.605483 0.516942 0.036972 0.047904
0 0.652384 0.509966 0.054510 0.078351
2 0.103825 0.506894 0.051031 0.074227
2 0.213425 0.495554 0.096263 0.109278
0 0.396673 0.512049 0.026675 0.030928
0 0.456402 0.515142 0.039433 0.037113
0 0.538167 0.524420 0.054510 0.084536
0 0.315487 0.514111 0.121778 0.175258
0 0.042935 0.513080 0.084665 0.115464
0 0.946263 0.556207 0.104381 0.134021
1 0.209065 0.465948 0.081905 0.104006
