0 0.024968 0.620297 0.049936 0.128571
0 0.087388 0.631776 0.080070 0.068878
0 0.303922 0.667746 0.222130 0.348980
0 0.449857 0.606521 0.090402 0.101020
0 0.612580 0.601929 0.062851 0.110204
0 0.575989 0.593511 0.049936 0.090306
0 0.546285 0.589685 0.037022 0.070408
0 0.499362 0.591980 0.020663 0.026020
0 0.405517 0.579736 0.017219 0.038265
2 0.764972 0.487899 0.271205 0.436225
0 0.408100 0.528460 0.068878 0.082653
4 0.164445 0.620297 0.044770 0.039796
4 0.180373 0.614940 0.030134 0.029082
4 0.196301 0.611113 0.025829 0.030612
