0 0.836498 0.658593 0.326953 0.391406
0 0.611718 0.592968 0.110742 0.189844
0 0.542505 0.594609 0.025049 0.058594
0 0.448242 0.622734 0.010547 0.035156
0 0.386938 0.614531 0.027686 0.037500
0 0.373755 0.623906 0.017139 0.037500
0 0.363867 0.623906 0.015820 0.037500
0 0.324975 0.620390 0.072510 0.096094
0 0.421875 0.615234 0.042187 0.072656
0 0.493725 0.610546 0.085693 0.161719
0 0.154907 0.642187 0.075146 0.070312
0 0.100195 0.645703 0.113379 0.077344
0 0.037573 0.625781 0.061963 0.042187
0 0.023730 0.652734 0.047461 0.063281
