0 0.542027 0.590625 0.031641 0.046875
0 0.566416 0.594140 0.035596 0.049219
0 0.507749 0.588281 0.023730 0.028125
0 0.467768 0.615717 0.025506 0.041602
0 0.433262 0.633984 0.043506 0.053906
0 0.504453 0.630468 0.048779 0.060937
0 0.395689 0.660937 0.047461 0.112500
0 0.309996 0.676171 0.137109 0.157031
0 0.165620 0.748102 0.257111 0.289732
0 0.054143 0.828515 0.108287 0.330469
0 0.584214 0.617578 0.018457 0.035156
0 0.620469 0.636328 0.035596 0.044531
0 0.669248 0.652734 0.035596 0.067969
0 0.706162 0.649218 0.051416 0.075000
0 0.775379 0.652698 0.100626 0.138210
