0 0.365543 0.189687 0.029273 0.068878
0 0.338853 0.197340 0.037883 0.065816
0 0.318791 0.212785 0.032717 0.073469
0 0.264550 0.216612 0.070600 0.117857
0 0.546285 0.182143 0.012054 0.033673
0 0.568240 0.189031 0.031856 0.041327
0 0.588473 0.198980 0.043048 0.055102
0 0.615163 0.211990 0.048214 0.059694
0 0.647449 0.229592 0.061129 0.070408
0 0.688776 0.244133 0.086958 0.169898
0 0.170903 0.238010 0.134311 0.148469
0 0.815338 0.315306 0.212660 0.241837
0 0.414557 0.191327 0.027551 0.036735
0 0.534232 0.179847 0.008610 0.019898
