0 0.354820 0.580546 0.029004 0.035156
0 0.505113 0.573515 0.010547 0.016406
0 0.493907 0.577031 0.011865 0.018750
0 0.480723 0.577031 0.017139 0.018750
0 0.468199 0.579375 0.013184 0.023437
0 0.447764 0.575859 0.014502 0.021094
0 0.438535 0.579375 0.017139 0.023437
0 0.425352 0.580546 0.014502 0.025781
0 0.416123 0.581718 0.014502 0.028125
0 0.404258 0.582890 0.014502 0.030469
0 0.586192 0.591093 0.027686 0.046875
0 0.385801 0.580546 0.038232 0.044531
0 0.545982 0.595781 0.052734 0.093750
0 0.062053 0.577031 0.124107 0.112500
0 0.294834 0.578203 0.048779 0.049219
