0 0.348852 0.653308 0.017600 0.029419
0 0.453012 0.632358 0.010531 0.020801
0 0.606876 0.661480 0.060844 0.079045
0 0.647244 0.673960 0.101796 0.095686
0 0.763081 0.697882 0.169660 0.156009
1 0.483239 0.628198 0.051483 0.083205
0 0.313189 0.665640 0.023401 0.037442
0 0.407964 0.724923 0.138068 0.218413
0 0.269896 0.704122 0.112327 0.135208
0 0.178436 0.688521 0.073714 0.083205
0 0.129293 0.679161 0.026912 0.039522
0 0.090680 0.718683 0.111157 0.110247
0 0.022597 0.753154 0.045194 0.095389
3 0.981844 0.713088 0.034322 0.122034
