0 0.421515 0.428344 0.030047 0.038918
0 0.368079 0.441664 0.055997 0.075270
0 0.550069 0.410342 0.017755 0.016996
0 0.554167 0.421268 0.015024 0.033993
0 0.561678 0.424910 0.016389 0.036421
0 0.574653 0.426124 0.017755 0.043705
0 0.590360 0.434623 0.032779 0.060701
0 0.612895 0.439479 0.034145 0.060701
0 0.619041 0.441907 0.024584 0.046133
0 0.647723 0.455261 0.062826 0.067986
0 0.739060 0.496365 0.105165 0.121403
0 0.309521 0.472949 0.084679 0.090536
0 0.162016 0.529494 0.196673 0.161979
0 0.440636 0.424737 0.019121 0.041277
0 0.476146 0.452234 0.051900 0.071991
0 0.493219 0.396814 0.020487 0.019424
0 0.871371 0.535207 0.230478 0.237937
0 0.534192 0.426917 0.034145 0.055349
