0 0.589715 0.528512 0.090953 0.131186
0 0.535658 0.519359 0.042903 0.076271
0 0.518497 0.514783 0.030890 0.067119
0 0.505626 0.504867 0.048051 0.077797
0 0.483317 0.503342 0.022309 0.053390
0 0.469159 0.501054 0.019735 0.033559
0 0.459720 0.498766 0.014587 0.028983
0 0.395366 0.495715 0.011155 0.016780
0 0.419501 0.496525 0.012871 0.019831
0 0.410491 0.494237 0.006864 0.015254
3 0.209364 0.521313 0.042903 0.082373
3 0.220948 0.525127 0.050625 0.062542
3 0.245402 0.513686 0.039470 0.070169
3 0.282728 0.509873 0.026600 0.044237
0 0.253125 0.507585 0.059205 0.054915
0 0.382925 0.492664 0.013729 0.016780
