0 0.539069 0.434981 0.007798 0.013864
0 0.531270 0.437580 0.009748 0.015597
0 0.522010 0.445379 0.010723 0.013864
0 0.512262 0.450578 0.008773 0.017330
0 0.504950 0.459243 0.007798 0.010398
0 0.513236 0.467908 0.012673 0.017330
0 0.496665 0.473973 0.016572 0.019063
0 0.534195 0.456643 0.011698 0.012131
0 0.525909 0.457510 0.012673 0.010398
0 0.523959 0.466175 0.008773 0.013864
0 0.525421 0.473973 0.011698 0.012131
0 0.530295 0.466175 0.011698 0.013864
0 0.538094 0.473107 0.011698 0.017330
0 0.443050 0.467041 0.008773 0.019063
0 0.377251 0.462709 0.021446 0.020796
2 0.336309 0.433248 0.076035 0.065854
0 0.402596 0.467041 0.031194 0.036393
0 0.461572 0.465308 0.030219 0.043325
0 0.275383 0.466175 0.077010 0.072786
0 0.237853 0.454044 0.013647 0.027728
0 0.116977 0.470507 0.233954 0.237420
