0 0.453811 0.534096 0.010706 0.008157
0 0.459547 0.538854 0.006883 0.012236
0 0.465282 0.538174 0.009177 0.010876
0 0.471783 0.544292 0.006883 0.014955
0 0.478665 0.548371 0.011471 0.014955
0 0.487842 0.554489 0.016059 0.024471
0 0.453429 0.549730 0.006883 0.014955
0 0.439664 0.542933 0.008412 0.012236
0 0.320257 0.543612 0.020648 0.016314
0 0.336316 0.571482 0.043589 0.063897
0 0.283386 0.577795 0.079532 0.095166
0 0.443324 0.551770 0.013765 0.016314
0 0.462824 0.548371 0.014530 0.020393
0 0.503355 0.559927 0.020648 0.032628
0 0.383229 0.561917 0.013115 0.013990
