0 0.128721 0.422343 0.072510 0.065625
0 0.247373 0.395390 0.017139 0.039844
2 0.299449 0.370781 0.047461 0.056250
0 0.661338 0.390703 0.061963 0.147656
0 0.708140 0.374297 0.023730 0.044531
0 0.698911 0.394218 0.021094 0.075000
0 0.747031 0.386015 0.077783 0.086719
0 0.393711 0.373125 0.011865 0.023437
0 0.379869 0.378984 0.015820 0.025781
0 0.845908 0.389531 0.138428 0.131250
0 0.535435 0.475078 0.271582 0.433593
0 0.199253 0.405937 0.079102 0.089062
0 0.279014 0.401250 0.067236 0.079687
2 0.019866 0.407109 0.039732 0.185156
0 0.408691 0.366469 0.011996 0.019194
