0 0.480580 0.565822 0.013647 0.019063
0 0.499102 0.581419 0.025345 0.025995
0 0.442563 0.573620 0.017547 0.031194
0 0.452311 0.610880 0.042892 0.060655
0 0.718433 0.656804 0.021446 0.065854
0 0.626801 0.602215 0.167667 0.327535
0 0.954824 0.712260 0.088708 0.162901
0 0.075060 0.638607 0.150120 0.147304
0 0.407470 0.564955 0.015597 0.027728
0 0.391873 0.563222 0.013647 0.017330
0 0.381637 0.573620 0.010723 0.024262
0 0.372864 0.576220 0.012673 0.025995
0 0.363116 0.583152 0.012673 0.029461
0 0.348006 0.592683 0.023395 0.038126
0 0.328998 0.603081 0.032169 0.038126
