0 0.432662 0.431201 0.010547 0.020312
0 0.425630 0.439795 0.012305 0.025000
0 0.412007 0.427295 0.025488 0.065625
0 0.410689 0.442920 0.015820 0.053125
0 0.383003 0.439014 0.046582 0.073437
0 0.389595 0.456201 0.019336 0.057812
0 0.366304 0.456982 0.050098 0.087500
0 0.360152 0.465576 0.046582 0.079687
0 0.316646 0.474170 0.089648 0.153125
0 0.210298 0.503857 0.198633 0.243750
0 0.477486 0.435107 0.008789 0.018750
0 0.485835 0.435107 0.011426 0.021875
0 0.495503 0.435889 0.013184 0.042187
0 0.510884 0.438232 0.024609 0.043750
0 0.520992 0.448389 0.023730 0.054687
0 0.535933 0.446826 0.034277 0.079687
0 0.570650 0.452295 0.061523 0.109375
0 0.629537 0.464014 0.105469 0.157812
0 0.773677 0.495264 0.265430 0.298437
0 0.454634 0.443701 0.031641 0.051562
