0 0.123174 0.515906 0.038268 0.034016
0 0.212266 0.506339 0.041855 0.036142
0 0.279235 0.504213 0.029897 0.027638
0 0.356966 0.498898 0.022721 0.017008
0 0.337234 0.493583 0.028701 0.036142
0 0.307936 0.496772 0.029897 0.029764
0 0.556277 0.473386 0.015546 0.012756
0 0.539535 0.477638 0.017938 0.012756
0 0.483329 0.473386 0.013155 0.012756
0 0.461804 0.476575 0.020330 0.014882
0 0.438484 0.478701 0.026309 0.019134
0 0.399619 0.481890 0.022721 0.021260
0 0.427124 0.501024 0.025113 0.025512
0 0.504257 0.473386 0.011959 0.012756
0 0.523989 0.469134 0.008371 0.021260
0 0.515618 0.467008 0.008371 0.017008
0 0.393639 0.518032 0.049031 0.068032
0 0.480938 0.486496 0.013155 0.014882
0 0.462402 0.518032 0.043051 0.068032
