3 0.399572 0.495034 0.009944 0.037727
0 0.262111 0.531571 0.283332 0.667523
0 0.423946 0.472772 0.021221 0.038746
0 0.446888 0.477360 0.004015 0.009177
0 0.452050 0.481949 0.009750 0.016314
0 0.493345 0.477870 0.013192 0.044864
0 0.503669 0.481949 0.017780 0.044864
0 0.506824 0.485517 0.017206 0.041805
0 0.525464 0.484498 0.040722 0.062198
0 0.535788 0.491635 0.045310 0.054041
0 0.782604 0.548565 0.228845 0.220242
0 0.432645 0.479569 0.026383 0.038746
0 0.470499 0.480079 0.040148 0.068316
0 0.555097 0.492825 0.026957 0.079532
2 0.610157 0.502001 0.107253 0.128474
0 0.923205 0.594469 0.152563 0.336480
