0 0.217058 0.503627 0.030165 0.034974
0 0.188860 0.505959 0.034100 0.044301
0 0.156728 0.509456 0.048527 0.055959
0 0.106890 0.516451 0.069511 0.065285
0 0.405262 0.474482 0.013115 0.018653
0 0.399360 0.481477 0.009181 0.018653
0 0.390180 0.482642 0.011804 0.034974
0 0.445264 0.472150 0.014427 0.023316
0 0.368540 0.477979 0.031477 0.053627
1 0.330505 0.466321 0.047215 0.062953
0 0.632813 0.538601 0.145580 0.193523
0 0.792538 0.629534 0.331255 0.319430
0 0.082626 0.675000 0.165253 0.384715
1 0.426247 0.459326 0.020984 0.030311
0 0.424935 0.483808 0.023608 0.032642
3 0.522738 0.530607 0.044592 0.065285
3 0.791601 0.741118 0.194106 0.275130
0 0.941528 0.764600 0.113616 0.354071
0 0.370600 0.686325 0.388212 0.375389
4 0.294569 0.483808 0.015738 0.030311
4 0.479495 0.484974 0.020984 0.027979
