0 0.482138 0.474012 0.019009 0.026680
0 0.455125 0.475791 0.041020 0.058696
0 0.431613 0.458004 0.012006 0.026680
0 0.424610 0.464229 0.018009 0.060474
0 0.414605 0.464229 0.022011 0.064032
0 0.401598 0.466008 0.022011 0.071146
0 0.382589 0.469565 0.042021 0.092490
0 0.334565 0.493577 0.112055 0.119170
0 0.520657 0.484684 0.014007 0.019565
0 0.529662 0.488241 0.014007 0.019565
0 0.548671 0.480237 0.028014 0.032016
0 0.589191 0.489131 0.025012 0.039130
0 0.619706 0.485573 0.042021 0.064032
0 0.647720 0.504249 0.056028 0.058696
0 0.956773 0.566502 0.085042 0.158300
