2 0.463850 0.415712 0.043994 0.073111
0 0.336172 0.431014 0.021997 0.018703
0 0.312740 0.454818 0.032517 0.066310
0 0.158761 0.468420 0.063122 0.076511
0 0.183149 0.479471 0.062165 0.085013
0 0.690515 0.431864 0.019128 0.040806
0 0.708687 0.433564 0.021041 0.044207
0 0.623568 0.418262 0.019128 0.027204
0 0.606353 0.403689 0.015302 0.025261
0 0.588181 0.400410 0.009564 0.015302
0 0.584356 0.448867 0.021041 0.081612
0 0.104247 0.442066 0.022953 0.017003
0 0.525059 0.478621 0.128157 0.209131
0 0.856736 0.467570 0.128157 0.119018
0 0.237868 0.473278 0.091267 0.117803
0 0.291153 0.468905 0.030605 0.083312
