0 0.062397 0.586727 0.124795 0.312818
0 0.845908 0.560104 0.305123 0.405998
0 0.420402 0.521918 0.016847 0.048809
0 0.427577 0.525246 0.016223 0.053246
0 0.448480 0.529129 0.038062 0.063229
0 0.463144 0.541886 0.024959 0.064339
0 0.488415 0.542995 0.048046 0.106491
0 0.528349 0.552424 0.080492 0.123131
0 0.618513 0.584038 0.197175 0.179704
0 0.332421 0.515817 0.013103 0.047699
0 0.320878 0.515817 0.027455 0.052136
0 0.305279 0.524692 0.046174 0.058792
0 0.394195 0.526356 0.016847 0.048809
2 0.380467 0.485312 0.034318 0.039934
0 0.364400 0.525061 0.053662 0.088743
0 0.253645 0.532826 0.081740 0.090961
