0 0.551254 0.476573 0.010723 0.017330
0 0.592196 0.490437 0.010723 0.013864
0 0.605843 0.504301 0.016572 0.031194
0 0.537607 0.488704 0.010723 0.013864
0 0.538094 0.504301 0.005849 0.027728
0 0.530783 0.502568 0.008773 0.027728
0 0.525909 0.502568 0.008773 0.024262
0 0.510312 0.501701 0.028269 0.039859
0 0.592683 0.519031 0.035093 0.050257
0 0.738417 0.550225 0.049715 0.071053
0 0.704299 0.562356 0.038018 0.077985
0 0.452311 0.558023 0.068237 0.097048
0 0.437201 0.584885 0.073111 0.098781
0 0.348981 0.602215 0.148171 0.188896
0 0.534682 0.573620 0.063363 0.086650
0 0.645323 0.562356 0.097481 0.147304
0 0.854906 0.726990 0.284644 0.445379
0 0.172054 0.711393 0.344107 0.414185
