0 0.118834 0.267187 0.010547 0.028125
0 0.128721 0.262500 0.009229 0.028125
0 0.135972 0.256640 0.013184 0.025781
0 0.148497 0.263672 0.014502 0.030469
0 0.171568 0.257812 0.036914 0.037500
0 0.244737 0.253125 0.035596 0.032812
0 0.280992 0.250781 0.039551 0.032812
0 0.321861 0.249609 0.047461 0.039844
0 0.408213 0.247265 0.054053 0.053906
0 0.464903 0.235547 0.072510 0.082031
0 0.633653 0.246094 0.122607 0.112500
0 0.081260 0.270703 0.017139 0.016406
0 0.098399 0.260156 0.022412 0.032812
0 0.048961 0.277734 0.015820 0.072656
0 0.033140 0.278906 0.034277 0.098437
0 0.017229 0.283828 0.034459 0.117656
