0 0.444551 0.375536 0.009492 0.015000
0 0.457734 0.383036 0.012656 0.026250
0 0.422930 0.381161 0.008437 0.011250
0 0.410273 0.386786 0.010547 0.022500
0 0.401308 0.383036 0.009492 0.015000
0 0.396035 0.389598 0.013711 0.016875
0 0.375996 0.392411 0.013711 0.022500
0 0.368086 0.402723 0.014766 0.024375
0 0.350156 0.400848 0.021094 0.031875
0 0.344883 0.410223 0.018984 0.035625
0 0.329590 0.415848 0.017930 0.039375
0 0.307441 0.422411 0.036914 0.045000
0 0.284766 0.433661 0.061172 0.060000
0 0.218320 0.451473 0.073828 0.076875
0 0.509962 0.389707 0.016875 0.026250
0 0.527365 0.417832 0.039023 0.078750
0 0.555841 0.418769 0.068555 0.080625
0 0.604357 0.434707 0.104414 0.101250
0 0.127638 0.479707 0.108633 0.086250
0 0.771914 0.495488 0.272109 0.210000
0 0.425566 0.394286 0.017930 0.026250
0 0.388652 0.402723 0.024258 0.028125
0 0.482765 0.418039 0.051479 0.092828
0 0.045352 0.539452 0.090703 0.242654
0 0.453611 0.434102 0.009560 0.046133
0 0.970560 0.640141 0.054631 0.172392
