0 0.410010 0.579844 0.004219 0.016875
0 0.404209 0.581719 0.007383 0.016875
0 0.396457 0.580500 0.009492 0.022500
0 0.385383 0.582375 0.010547 0.022500
0 0.377473 0.586125 0.011602 0.026250
0 0.362180 0.574875 0.018984 0.011250
0 0.362707 0.594562 0.022148 0.031875
0 0.346887 0.596437 0.017930 0.039375
0 0.323156 0.591750 0.035859 0.067500
0 0.314191 0.601125 0.032695 0.075000
0 0.275168 0.608625 0.068555 0.090000
0 0.570058 0.570937 0.024258 0.037500
0 0.595898 0.570000 0.031641 0.050625
0 0.624375 0.572812 0.052734 0.056250
0 0.671308 0.574687 0.058008 0.063750
0 0.756123 0.560893 0.056525 0.048750
0 0.153391 0.631312 0.047461 0.073125
0 0.425300 0.584707 0.031641 0.045000
0 0.205925 0.640957 0.103359 0.105000
0 0.525495 0.609082 0.075937 0.093750
0 0.066576 0.662519 0.133151 0.151875
