0 0.479266 0.387170 0.012895 0.022925
0 0.475684 0.397359 0.008597 0.033113
0 0.469237 0.403727 0.015761 0.050943
0 0.456342 0.425378 0.035820 0.094245
0 0.406194 0.443208 0.093131 0.155377
0 0.534142 0.396595 0.014328 0.028019
0 0.546321 0.395321 0.010029 0.035660
0 0.559216 0.388953 0.021492 0.038208
0 0.623691 0.415698 0.024357 0.050943
0 0.648765 0.427161 0.051580 0.073868
0 0.721120 0.432255 0.124652 0.129906
0 0.829439 0.476831 0.213485 0.193585
0 0.955912 0.553246 0.088176 0.157925
0 0.262200 0.600368 0.306616 0.466132
0 0.512220 0.404236 0.032954 0.038208
0 0.564374 0.608010 0.265065 0.389717
