0 0.265148 0.425449 0.033143 0.050257
0 0.392848 0.410719 0.021446 0.017330
0 0.366528 0.415052 0.011698 0.022529
0 0.377738 0.421117 0.012673 0.020796
0 0.335821 0.426316 0.034118 0.041592
0 0.470345 0.398588 0.008773 0.013864
0 0.462059 0.402921 0.007798 0.015597
0 0.449874 0.402054 0.014622 0.020796
0 0.436714 0.408120 0.011698 0.022529
0 0.418680 0.423716 0.032169 0.050257
0 0.562952 0.433248 0.073111 0.103980
0 0.456210 0.447978 0.058488 0.081451
0 0.179852 0.573620 0.279770 0.325802
0 0.392360 0.366528 0.022421 0.015597
0 0.418193 0.369127 0.021446 0.013864
0 0.515673 0.357863 0.013647 0.012131
0 0.483992 0.360462 0.022421 0.013864
2 0.458647 0.359596 0.032169 0.019063
0 0.435252 0.365661 0.008773 0.017330
