0 0.492536 0.389530 0.013658 0.019424
0 0.515071 0.402884 0.042339 0.046133
0 0.480926 0.393172 0.009560 0.021853
0 0.471366 0.400456 0.012292 0.041277
0 0.461806 0.407741 0.017755 0.060701
0 0.454294 0.428379 0.035510 0.097122
0 0.404443 0.445375 0.096971 0.150540
0 0.263084 0.586203 0.303204 0.437051
0 0.545801 0.394386 0.013658 0.043705
0 0.558776 0.395600 0.015024 0.041277
0 0.602481 0.399242 0.086044 0.048561
0 0.620919 0.412597 0.030047 0.036421
0 0.504145 0.572849 0.009560 0.026709
0 0.649601 0.427165 0.054631 0.055845
0 0.723353 0.436877 0.125652 0.123831
0 0.829201 0.489081 0.203502 0.203957
0 0.956902 0.577705 0.084679 0.177248
0 0.564239 0.604413 0.260865 0.361781
