0 0.562939 0.365390 0.068555 0.082031
0 0.484497 0.366797 0.051416 0.072656
0 0.411987 0.362109 0.046143 0.063281
0 0.324316 0.352734 0.079102 0.114844
0 0.451538 0.356250 0.022412 0.042187
0 0.839794 0.375000 0.079102 0.084375
0 0.779809 0.372656 0.054053 0.070312
0 0.629846 0.356836 0.032959 0.046875
0 0.711254 0.370703 0.038232 0.030469
0 0.382851 0.350859 0.010547 0.021094
0 0.064656 0.358176 0.061059 0.038678
0 0.148975 0.343359 0.031641 0.023437
0 0.264990 0.338672 0.021094 0.018750
0 0.909008 0.659765 0.181933 0.309375
0 0.674340 0.354297 0.040869 0.030469
0 0.197283 0.318750 0.035596 0.032812
