0 0.395772 0.425449 0.007798 0.025995
0 0.421604 0.416785 0.026320 0.015597
0 0.381637 0.428049 0.018521 0.031194
0 0.234441 0.445379 0.024370 0.031194
0 0.207147 0.447112 0.034118 0.041592
0 0.260761 0.441046 0.032169 0.039859
0 0.329972 0.450578 0.084808 0.131707
2 0.450849 0.419384 0.034118 0.069320
0 0.480093 0.428915 0.020471 0.032927
0 0.498614 0.455777 0.051665 0.065854
0 0.679928 0.420250 0.041917 0.039859
0 0.754501 0.430648 0.066287 0.060655
0 0.629238 0.428915 0.069211 0.053723
0 0.572700 0.468774 0.104304 0.123042
0 0.713559 0.542426 0.228105 0.204493
0 0.421604 0.474840 0.067262 0.100514
0 0.986178 0.591817 0.026639 0.150770
0 0.124775 0.597016 0.249551 0.459243
