0 0.034304 0.504517 0.068609 0.133059
0 0.883338 0.505903 0.232334 0.449076
0 0.141895 0.476104 0.084202 0.112269
0 0.451415 0.431750 0.079524 0.120585
0 0.353179 0.420662 0.032745 0.051283
0 0.687647 0.437988 0.141895 0.207905
0 0.512227 0.393634 0.028067 0.038809
0 0.221029 0.459471 0.069388 0.084548
0 0.612801 0.423434 0.040542 0.109497
0 0.582785 0.423434 0.030406 0.056827
0 0.565243 0.422048 0.024949 0.054055
0 0.553548 0.406802 0.017152 0.045739
0 0.544972 0.395713 0.012474 0.037423
0 0.534837 0.396406 0.010915 0.038809
0 0.527040 0.399872 0.017152 0.031879
0 0.377738 0.413039 0.019491 0.052669
0 0.396060 0.413732 0.014034 0.048511
