0 0.430485 0.502041 0.011193 0.027551
0 0.443399 0.505868 0.016358 0.032143
0 0.457605 0.512755 0.013776 0.027551
0 0.466215 0.512755 0.012054 0.033673
0 0.475255 0.514286 0.016358 0.033673
0 0.505389 0.534949 0.033578 0.032143
0 0.402934 0.501123 0.012054 0.021429
0 0.395616 0.504949 0.012915 0.026020
0 0.383132 0.508776 0.018941 0.027551
0 0.415418 0.511072 0.016358 0.022959
0 0.367634 0.515817 0.034439 0.038265
0 0.310380 0.529592 0.054241 0.096429
0 0.280246 0.540306 0.064573 0.120918
0 0.567379 0.535715 0.044770 0.087245
0 0.185908 0.548178 0.169611 0.192857
0 0.618176 0.543368 0.093846 0.123980
