1 0.249224 0.429546 0.063937 0.081125
0 0.262888 0.459708 0.049143 0.070724
0 0.426113 0.471148 0.099456 0.118567
0 0.351813 0.440986 0.032762 0.033282
0 0.382235 0.443067 0.028082 0.029122
0 0.181520 0.409785 0.038708 0.029122
0 0.086117 0.378619 0.023582 0.026797
0 0.736766 0.445147 0.023401 0.016641
0 0.720385 0.445147 0.014041 0.024961
0 0.665977 0.445147 0.017551 0.024961
0 0.603963 0.436826 0.010531 0.037442
0 0.533174 0.420185 0.018721 0.024961
0 0.516793 0.418105 0.018721 0.024961
0 0.326657 0.416025 0.026912 0.020801
0 0.388085 0.416025 0.023401 0.016641
0 0.364684 0.412905 0.014041 0.014561
0 0.345378 0.411865 0.015211 0.016641
