0 0.438764 0.463081 0.013876 0.029153
0 0.445071 0.468687 0.008830 0.035880
0 0.453270 0.473172 0.015137 0.035880
0 0.466515 0.482143 0.016398 0.044850
0 0.489851 0.478779 0.047934 0.078488
0 0.493635 0.488870 0.030274 0.076246
0 0.510665 0.488870 0.039104 0.098671
0 0.362448 0.457101 0.015137 0.029153
0 0.301269 0.463829 0.021444 0.029153
0 0.296854 0.472799 0.015137 0.024668
0 0.286132 0.472799 0.013876 0.038123
0 0.274148 0.471677 0.022706 0.035880
0 0.244505 0.467192 0.049195 0.053821
2 0.095658 0.477284 0.114789 0.105399
0 0.566798 0.500083 0.126142 0.161462
0 0.395245 0.491113 0.075685 0.107641
0 0.323975 0.468687 0.026490 0.035880
0 0.218015 0.477657 0.054241 0.053821
0 0.037002 0.495598 0.070639 0.116611
