0 0.414997 0.558513 0.140408 0.172650
0 0.302670 0.539792 0.084245 0.101926
0 0.118969 0.540832 0.079565 0.083205
0 0.020872 0.546033 0.041745 0.076965
0 0.073922 0.536672 0.062014 0.079045
0 0.104343 0.484669 0.036272 0.029122
0 0.146466 0.486749 0.050313 0.049923
0 0.197949 0.483629 0.057333 0.060324
0 0.237731 0.446187 0.029252 0.056163
0 0.175718 0.448267 0.026912 0.022881
0 0.195609 0.443067 0.024571 0.029122
0 0.212575 0.434746 0.018721 0.033282
0 0.155827 0.449307 0.017551 0.024961
0 0.238316 0.410825 0.028082 0.022881
0 0.268153 0.405624 0.008190 0.029122
0 0.280439 0.397304 0.016381 0.020801
0 0.305596 0.375463 0.010531 0.018721
0 0.313786 0.368182 0.008190 0.016641
0 0.493392 0.495070 0.051483 0.079045
0 0.470575 0.458668 0.040952 0.043683
0 0.460630 0.445147 0.032762 0.041602
0 0.456535 0.418105 0.026912 0.020801
0 0.447759 0.409785 0.021061 0.020801
0 0.442494 0.398344 0.019891 0.018721
0 0.436643 0.382743 0.022231 0.020801
0 0.430793 0.372342 0.019891 0.020801
0 0.426113 0.359862 0.015211 0.016641
0 0.421432 0.349461 0.015211 0.020801
0 0.863680 0.446245 0.144272 0.112644
0 0.971396 0.393389 0.053614 0.114377
