0 0.427885 0.279384 0.007198 0.017062
0 0.417089 0.280450 0.009597 0.014929
0 0.405092 0.285782 0.011996 0.017062
0 0.387697 0.290047 0.015595 0.025592
0 0.375701 0.292180 0.015595 0.042654
0 0.358306 0.299644 0.021594 0.044787
0 0.339712 0.306042 0.022793 0.049052
0 0.315119 0.308175 0.047986 0.053318
0 0.087980 0.343365 0.175960 0.200474
0 0.021206 0.396682 0.040788 0.187678
0 0.439282 0.287915 0.017995 0.034123
0 0.454278 0.284715 0.011996 0.019194
0 0.466274 0.290047 0.011996 0.025592
0 0.475871 0.292180 0.016795 0.038389
0 0.501064 0.300711 0.038389 0.046919
0 0.669014 0.358294 0.153554 0.174881
0 0.965268 0.274052 0.069464 0.036256
0 0.842904 0.413744 0.314191 0.315640
