0 0.187163 0.521111 0.099430 0.119576
0 0.316484 0.512446 0.053298 0.077985
0 0.253937 0.515045 0.026320 0.041592
0 0.464496 0.516778 0.051665 0.062388
0 0.055077 0.538441 0.026320 0.025995
0 0.240290 0.517645 0.012673 0.025995
0 0.270509 0.510713 0.010723 0.012131
0 0.281719 0.508113 0.009748 0.013864
0 0.283340 0.499795 0.012989 0.024956
0 0.443050 0.507247 0.038018 0.053723
0 0.417705 0.511579 0.020471 0.041592
0 0.402108 0.512446 0.014622 0.046791
0 0.390411 0.508980 0.010723 0.029461
0 0.384074 0.507247 0.009748 0.022529
0 0.376763 0.503781 0.018521 0.025995
0 0.367990 0.502914 0.016572 0.027728
0 0.357754 0.501181 0.013647 0.024262
0 0.841747 0.485584 0.112103 0.083184
2 0.910958 0.433595 0.176440 0.176765
