2 0.460033 0.512576 0.024792 0.029383
0 0.446718 0.523186 0.012855 0.024486
0 0.438454 0.524819 0.011019 0.021221
0 0.430649 0.523186 0.011937 0.031016
0 0.375096 0.532981 0.023874 0.053869
0 0.278682 0.546040 0.069785 0.089782
0 0.343877 0.541143 0.055094 0.066929
0 0.521554 0.523186 0.009182 0.024486
0 0.534868 0.515840 0.021119 0.042443
0 0.550478 0.521554 0.030302 0.044075
0 0.573434 0.521554 0.037647 0.066929
0 0.579402 0.536245 0.016528 0.066929
0 0.609704 0.524819 0.066112 0.089782
0 0.628987 0.537878 0.047748 0.086518
0 0.672143 0.538694 0.089986 0.133857
0 0.226802 0.555018 0.079886 0.112636
0 0.112316 0.561423 0.177218 0.182830
0 0.758290 0.550664 0.168954 0.181197
0 0.413268 0.525751 0.030302 0.037545
