0 0.494362 0.610825 0.010438 0.016495
0 0.501321 0.612887 0.010438 0.020619
0 0.458409 0.612887 0.019716 0.028866
0 0.407958 0.599485 0.009278 0.018557
0 0.395200 0.599485 0.016237 0.018557
0 0.390561 0.610825 0.013918 0.020619
0 0.347938 0.616495 0.023196 0.030928
2 0.364175 0.590722 0.037113 0.070103
0 0.562500 0.644330 0.020876 0.053608
0 0.579897 0.637114 0.034794 0.072165
0 0.604253 0.642268 0.053351 0.078351
0 0.652964 0.648454 0.081186 0.103093
0 0.276031 0.630928 0.037113 0.051546
0 0.237178 0.634021 0.054510 0.053608
0 0.740108 0.660206 0.143814 0.148454
0 0.882626 0.699678 0.230799 0.204124
0 0.966711 0.749162 0.062629 0.113402
0 0.466237 0.627393 0.027835 0.037113
0 0.420077 0.596289 0.011598 0.012371
1 0.665165 0.582152 0.088144 0.051546
