0 0.447972 0.301890 0.009567 0.012756
0 0.465910 0.315709 0.016742 0.031890
0 0.416520 0.301890 0.010763 0.012756
0 0.402768 0.301890 0.014350 0.017008
0 0.313795 0.297638 0.019134 0.017008
0 0.283062 0.306142 0.025592 0.017008
0 0.252208 0.304016 0.025113 0.025512
0 0.212984 0.294449 0.010763 0.010630
0 0.213582 0.309331 0.026309 0.010630
0 0.175553 0.312520 0.038268 0.029764
0 0.167780 0.298701 0.044247 0.023386
0 0.116597 0.302953 0.041855 0.048898
0 0.666315 0.418753 0.188947 0.189213
0 0.069360 0.450410 0.138721 0.358826
1 0.046639 0.277441 0.093278 0.095669
0 0.230802 0.285945 0.043051 0.023386
1 0.432306 0.290197 0.020330 0.036142
0 0.431907 0.325276 0.032288 0.034016
0 0.379887 0.312874 0.038268 0.057402
0 0.488920 0.326038 0.035820 0.050943
