3 0.404258 0.518437 0.043506 0.135937
3 0.192002 0.605156 0.183252 0.239062
0 0.503794 0.461015 0.010547 0.021094
0 0.494566 0.458672 0.010547 0.021094
0 0.486656 0.462187 0.013184 0.023437
0 0.476768 0.457500 0.027686 0.032812
0 0.470835 0.465703 0.029004 0.044531
0 0.462925 0.472734 0.034277 0.058594
0 0.418760 0.476250 0.083057 0.089062
0 0.361411 0.446953 0.042187 0.044531
0 0.342954 0.500859 0.105469 0.166406
0 0.282969 0.517265 0.156885 0.213281
0 0.518955 0.458672 0.022412 0.021094
0 0.550596 0.458672 0.011865 0.021094
0 0.561143 0.465703 0.017139 0.053906
0 0.566416 0.471562 0.014502 0.070312
0 0.574986 0.475078 0.015820 0.077344
0 0.581577 0.486797 0.013184 0.072656
0 0.601353 0.484453 0.036914 0.114844
0 0.646655 0.507339 0.099239 0.198117
0 0.756260 0.521953 0.230713 0.339844
0 0.138518 0.557109 0.277037 0.335156
0 0.006682 0.680156 0.013365 0.098437
0 0.872935 0.533672 0.253125 0.400781
0 0.539390 0.463359 0.018457 0.025781
