0 0.335432 0.582435 0.007020 0.016641
0 0.340113 0.596996 0.011701 0.012481
0 0.349473 0.598036 0.016381 0.027042
0 0.352983 0.603236 0.009361 0.024961
0 0.364099 0.603236 0.015211 0.024961
0 0.367024 0.609477 0.014041 0.020801
0 0.374630 0.608436 0.015211 0.031202
0 0.386330 0.607396 0.022231 0.041602
0 0.402126 0.610517 0.028082 0.039522
0 0.444834 0.628198 0.040952 0.054083
4 0.412072 0.620917 0.036272 0.035362
0 0.479936 0.640678 0.069034 0.066564
0 0.329582 0.593876 0.009361 0.014561
0 0.321976 0.599076 0.015211 0.016641
0 0.306766 0.601156 0.010531 0.012481
0 0.297990 0.602196 0.011701 0.022881
0 0.286874 0.607396 0.012871 0.024961
0 0.275759 0.608436 0.018721 0.027042
0 0.258208 0.613637 0.021061 0.037442
0 0.240657 0.616757 0.028082 0.039522
0 0.214330 0.626118 0.033932 0.054083
0 0.185078 0.632358 0.043293 0.070724
0 0.121309 0.645879 0.095946 0.106086
4 0.036668 0.681241 0.073337 0.106086
0 0.982481 0.820609 0.032762 0.156009
0 0.330167 0.592836 0.008190 0.016641
