0 0.165895 0.528492 0.025173 0.019890
0 0.149113 0.533465 0.025173 0.029834
0 0.131632 0.532222 0.020977 0.027348
0 0.091775 0.533465 0.027970 0.024862
0 0.065903 0.543410 0.048947 0.024862
0 0.460275 0.539680 0.012586 0.042265
0 0.988201 0.512332 0.013985 0.057182
0 0.972119 0.506117 0.020977 0.054696
0 0.901496 0.511089 0.022376 0.044751
0 0.880518 0.514818 0.027970 0.042265
0 0.837165 0.511089 0.036360 0.044751
0 0.800106 0.518548 0.037759 0.049724
0 0.768640 0.521034 0.030767 0.069613
0 0.670047 0.503631 0.015383 0.014917
0 0.586837 0.516062 0.019579 0.019890
0 0.602221 0.518548 0.025173 0.029834
0 0.619002 0.516062 0.030767 0.034807
0 0.639980 0.530979 0.067127 0.049724
0 0.522507 0.525651 0.019579 0.019889
0 0.489643 0.535596 0.043353 0.064641
0 0.418320 0.530623 0.020977 0.019890
0 0.362381 0.539325 0.037759 0.047238
0 0.294555 0.536839 0.039157 0.047238
