0 0.481416 0.441085 0.020059 0.022925
0 0.453476 0.447453 0.024357 0.030566
0 0.434134 0.455095 0.017193 0.030566
0 0.419806 0.453821 0.011462 0.038208
0 0.404045 0.455095 0.031521 0.050943
0 0.383270 0.461463 0.027223 0.048396
0 0.357480 0.460189 0.041551 0.056038
0 0.317362 0.469104 0.053013 0.063679
0 0.554010 0.408821 0.020059 0.022925
0 0.608456 0.436840 0.014328 0.043302
0 0.679379 0.430472 0.032954 0.040755
0 0.679379 0.447029 0.018626 0.048396
0 0.697288 0.448302 0.025790 0.061132
0 0.724511 0.445755 0.054446 0.076415
0 0.924623 0.426227 0.149010 0.310755
0 0.258618 0.483963 0.073072 0.066226
0 0.640932 0.440661 0.057311 0.086604
0 0.761286 0.459765 0.083101 0.084057
0 0.574547 0.475048 0.083101 0.114623
1 0.519862 0.407548 0.047282 0.086604
0 0.510071 0.450425 0.037252 0.058585
