0 0.601933 0.581443 0.015077 0.014433
0 0.588016 0.584536 0.015077 0.012371
0 0.546263 0.582474 0.010438 0.016495
0 0.559021 0.584536 0.008119 0.016495
0 0.538144 0.586598 0.010438 0.016495
0 0.709214 0.604124 0.053351 0.063918
0 0.502191 0.588660 0.019716 0.024742
0 0.490593 0.594845 0.010438 0.024742
0 0.478415 0.591753 0.020876 0.030928
0 0.462178 0.593815 0.027835 0.039175
0 0.433763 0.596907 0.033634 0.049485
0 0.572242 0.587217 0.013918 0.020619
0 0.525851 0.587217 0.018557 0.028866
0 0.408711 0.601650 0.046392 0.045361
0 0.627333 0.597526 0.040593 0.057732
0 0.352853 0.606598 0.045232 0.065979
0 0.301242 0.617938 0.083505 0.076289
0 0.166706 0.633402 0.150773 0.111340
0 0.808652 0.684949 0.226160 0.243299
0 0.917673 0.650928 0.089304 0.105155
0 0.962072 0.658441 0.071907 0.191753
