0 0.510934 0.662776 0.008371 0.031890
0 0.521099 0.663839 0.016742 0.034016
0 0.533655 0.662776 0.017938 0.044646
0 0.545016 0.670217 0.021526 0.063780
0 0.582686 0.667028 0.058597 0.078661
0 0.484924 0.672343 0.028701 0.038268
0 0.462202 0.663839 0.016742 0.025512
0 0.443069 0.667028 0.014350 0.023386
0 0.423337 0.674469 0.017938 0.029764
0 0.392842 0.669154 0.040659 0.048898
0 0.388657 0.624508 0.005979 0.019134
0 0.335142 0.681910 0.059793 0.087165
0 0.262792 0.704232 0.156659 0.187087
0 0.882208 0.647970 0.136329 0.112677
0 0.175314 0.700299 0.040659 0.034016
0 0.045443 0.720496 0.081319 0.053150
0 0.967022 0.806811 0.063381 0.287008
