0 0.485786 0.338020 0.010531 0.014561
0 0.495732 0.339060 0.018721 0.029122
0 0.516793 0.349461 0.009361 0.024961
0 0.529079 0.355701 0.024571 0.045763
0 0.503922 0.346341 0.021061 0.031202
0 0.476426 0.338020 0.010531 0.010401
0 0.467650 0.332820 0.009361 0.016641
0 0.450684 0.336980 0.008190 0.016641
0 0.462385 0.338020 0.012871 0.022881
0 0.430208 0.334900 0.009361 0.020801
0 0.417922 0.340100 0.008190 0.018721
0 0.408562 0.340100 0.015211 0.027042
0 0.326657 0.345301 0.026912 0.066564
0 0.301500 0.348421 0.037442 0.072804
0 0.269908 0.353621 0.053823 0.070724
0 0.392766 0.343221 0.021061 0.033282
0 0.566521 0.355701 0.064354 0.083205
0 0.778304 0.452427 0.260926 0.251695
0 0.123839 0.402504 0.247677 0.339060
0 0.442494 0.341140 0.015211 0.024961
