2 0.439327 0.292885 0.025982 0.025194
0 0.406259 0.313880 0.025982 0.033593
0 0.370239 0.320179 0.029525 0.037792
0 0.335991 0.330676 0.024801 0.041991
0 0.323590 0.330676 0.023620 0.041991
0 0.305876 0.334875 0.042516 0.050389
0 0.532625 0.340124 0.030706 0.060886
0 0.892236 0.444051 0.214940 0.222550
0 0.770295 0.407236 0.131673 0.144721
0 0.034249 0.356920 0.068497 0.182659
1 0.631828 0.339074 0.161795 0.264541
0 0.464718 0.415707 0.162976 0.224650
0 0.248598 0.366368 0.102746 0.113375
0 0.132861 0.360070 0.119280 0.113375
