0 0.396695 0.476303 0.016795 0.029858
0 0.385298 0.486966 0.015595 0.051185
0 0.369103 0.483767 0.033590 0.049052
0 0.357706 0.496564 0.029991 0.049052
0 0.339112 0.485900 0.035989 0.078910
0 0.292326 0.486966 0.091173 0.110900
0 0.235942 0.497630 0.103169 0.119431
0 0.042993 0.545616 0.085987 0.240995
0 0.105975 0.500829 0.211950 0.232464
0 0.483069 0.491232 0.021594 0.034123
0 0.507662 0.484834 0.025193 0.038389
0 0.532254 0.496564 0.023993 0.057583
2 0.579041 0.482701 0.074378 0.170616
0 0.432084 0.517891 0.089973 0.134360
