0 0.510889 0.572165 0.010438 0.016495
0 0.500451 0.576289 0.017397 0.024742
0 0.492333 0.581443 0.015077 0.035052
0 0.484794 0.588660 0.018557 0.049485
0 0.453479 0.558763 0.020876 0.010309
0 0.458119 0.571134 0.041753 0.014433
0 0.418686 0.571134 0.039433 0.014433
0 0.376353 0.573196 0.028995 0.010309
0 0.365915 0.608248 0.040593 0.068041
0 0.521327 0.583505 0.015077 0.039175
0 0.537565 0.591753 0.035954 0.059794
0 0.579897 0.616495 0.085825 0.117526
2 0.296487 0.636495 0.124098 0.154639
0 0.424644 0.695258 0.176289 0.239175
0 0.714013 0.662268 0.216881 0.251546
0 0.112580 0.759175 0.225160 0.305155
0 0.879727 0.812049 0.236598 0.367010
