0 0.418288 0.544549 0.016795 0.029858
0 0.401493 0.547748 0.021594 0.031990
0 0.388897 0.546682 0.015595 0.034123
0 0.372102 0.548815 0.032390 0.046919
0 0.286327 0.558412 0.055184 0.091706
0 0.226345 0.573341 0.093572 0.125829
0 0.113579 0.591469 0.165551 0.149289
0 0.455477 0.538151 0.028791 0.034123
0 0.484269 0.534952 0.009597 0.014929
0 0.494466 0.541350 0.013196 0.019194
0 0.506462 0.541350 0.015595 0.023460
0 0.530455 0.545616 0.025193 0.036256
0 0.579041 0.557346 0.031191 0.081043
0 0.605433 0.549881 0.050385 0.095972
0 0.682810 0.557346 0.147556 0.174881
