0 0.391772 0.595534 0.013254 0.016632
0 0.387484 0.596920 0.012474 0.019405
0 0.380857 0.597613 0.013254 0.026335
0 0.371891 0.596227 0.018711 0.034651
0 0.351620 0.610780 0.049897 0.066530
0 0.368772 0.608701 0.014034 0.040195
0 0.325502 0.616324 0.050677 0.072074
0 0.254554 0.636422 0.122404 0.145534
0 0.158528 0.709882 0.177759 0.209291
0 0.079394 0.761858 0.158268 0.255031
0 0.412432 0.594148 0.007796 0.013860
0 0.419059 0.595534 0.010135 0.016632
0 0.426076 0.598306 0.010135 0.016632
0 0.431924 0.601078 0.010915 0.019405
0 0.442449 0.599692 0.017932 0.024949
0 0.451415 0.608008 0.015593 0.038809
0 0.471296 0.611473 0.035084 0.054055
0 0.477923 0.622561 0.018711 0.056827
0 0.492346 0.623947 0.028847 0.070688
0 0.511837 0.631571 0.049118 0.085934
0 0.533278 0.644045 0.053016 0.105339
0 0.578887 0.663449 0.094337 0.135832
0 0.662959 0.707110 0.193352 0.212064
0 0.402951 0.594610 0.007017 0.027721
