0 0.057694 0.614014 0.115388 0.146920
0 0.149552 0.586530 0.107312 0.114127
0 0.239741 0.571047 0.083422 0.097023
0 0.327061 0.562731 0.081863 0.144148
0 0.376276 0.553029 0.027093 0.047125
0 0.400348 0.546791 0.024169 0.031879
0 0.592141 0.557187 0.063151 0.077618
0 0.548091 0.548177 0.035864 0.056827
0 0.530159 0.535703 0.029627 0.059600
0 0.511837 0.545405 0.014813 0.034651
0 0.501312 0.545405 0.009356 0.031879
0 0.487668 0.544019 0.016373 0.012474
0 0.477923 0.542633 0.015593 0.009702
0 0.685668 0.556251 0.150412 0.169997
0 0.953354 0.658828 0.092285 0.283594
