0 0.454977 0.546313 0.047802 0.053417
0 0.429710 0.560708 0.013658 0.026709
0 0.416052 0.560708 0.024584 0.031565
0 0.380541 0.566778 0.046437 0.058273
0 0.351177 0.570421 0.039608 0.070414
0 0.317032 0.574063 0.053266 0.087410
0 0.274693 0.571635 0.055997 0.106835
0 0.193429 0.588631 0.142041 0.145684
0 0.520534 0.557066 0.036876 0.048561
0 0.560142 0.549782 0.050534 0.082554
0 0.605213 0.560708 0.072387 0.123831
0 0.678282 0.560708 0.144773 0.196673
0 0.777301 0.592273 0.132481 0.216097
0 0.902954 0.621410 0.192575 0.303507
0 0.025813 0.619155 0.050534 0.087410
