0 0.407373 0.525000 0.010547 0.018750
0 0.369800 0.529687 0.014502 0.018750
0 0.358594 0.527343 0.010547 0.023437
0 0.344751 0.529687 0.017139 0.028125
0 0.329590 0.527343 0.013184 0.032812
0 0.316406 0.533203 0.018457 0.030469
0 0.297290 0.534375 0.027686 0.037500
0 0.262353 0.535547 0.042187 0.053906
0 0.237964 0.543750 0.038232 0.060937
0 0.193140 0.548437 0.064600 0.084375
0 0.150293 0.566015 0.076465 0.086719
0 0.072510 0.582421 0.110742 0.114844
0 0.016479 0.602343 0.032959 0.121875
0 0.378369 0.530859 0.007910 0.021094
0 0.392871 0.525000 0.018457 0.028125
0 0.424511 0.526172 0.013184 0.025781
0 0.440991 0.529687 0.011865 0.018750
0 0.454174 0.527343 0.009229 0.028125
0 0.468676 0.520312 0.017139 0.037500
0 0.481201 0.525000 0.021094 0.028125
0 0.492407 0.529687 0.011865 0.037500
0 0.518115 0.527343 0.047461 0.075000
0 0.551733 0.541406 0.059326 0.089062
0 0.584033 0.561328 0.089648 0.105469
0 0.882641 0.694921 0.233349 0.521093
