0 0.408872 0.574218 0.010547 0.014062
0 0.382505 0.574218 0.007910 0.023437
0 0.441831 0.581250 0.015820 0.018750
0 0.426011 0.580078 0.010547 0.025781
0 0.395689 0.577734 0.005273 0.025781
0 0.375254 0.574218 0.009229 0.018750
0 0.363389 0.576562 0.014502 0.018750
0 0.462925 0.581250 0.013184 0.032812
0 0.488633 0.561328 0.011865 0.030469
0 0.519615 0.615234 0.079102 0.138281
0 0.585532 0.622265 0.047461 0.058594
0 0.651450 0.626953 0.063281 0.086719
0 0.719346 0.630468 0.127881 0.140625
0 0.851841 0.686718 0.073828 0.112500
0 0.050847 0.628593 0.101695 0.089062
