0 0.276691 0.455785 0.030863 0.025520
0 0.206711 0.447491 0.051678 0.021692
0 0.147497 0.493426 0.048089 0.039556
0 0.092230 0.502996 0.055266 0.048488
0 0.378252 0.474287 0.012919 0.021692
0 0.392966 0.470459 0.022250 0.034452
0 0.418805 0.467269 0.033734 0.048488
0 0.534362 0.483856 0.033734 0.051040
0 0.554818 0.486408 0.027274 0.056144
0 0.600702 0.492807 0.073928 0.088044
0 0.656686 0.506843 0.099767 0.100803
0 0.789117 0.524816 0.207429 0.172259
0 0.939844 0.582236 0.116993 0.192675
0 0.036296 0.499296 0.072591 0.059972
0 0.459597 0.465525 0.047371 0.062524
