0 0.415269 0.425802 0.018626 0.028019
0 0.433895 0.427925 0.015761 0.020377
0 0.454670 0.443208 0.028656 0.056038
0 0.472580 0.455944 0.032954 0.061132
0 0.509116 0.461038 0.068774 0.086604
0 0.533473 0.480142 0.065908 0.109528
0 0.591501 0.494151 0.110324 0.152830
0 0.725466 0.553585 0.277960 0.276793
0 0.322138 0.458491 0.032954 0.050943
0 0.304228 0.459765 0.031521 0.053491
0 0.274139 0.468680 0.051580 0.081510
0 0.233305 0.477595 0.090265 0.099340
0 0.378733 0.493302 0.106026 0.157925
0 0.071400 0.521321 0.141846 0.203774
0 0.884941 0.633397 0.230117 0.438114
