0 0.006568 0.494392 0.013135 0.036486
0 0.078298 0.492567 0.064649 0.047432
0 0.139869 0.495304 0.052335 0.034662
0 0.190152 0.489831 0.048231 0.034662
0 0.237869 0.488007 0.041047 0.038311
1 0.298414 0.469763 0.067728 0.056554
0 0.334843 0.478885 0.017445 0.023716
0 0.353828 0.478885 0.028733 0.031014
0 0.375377 0.473412 0.014367 0.023716
0 0.387692 0.477061 0.010262 0.012770
0 0.399493 0.470676 0.009236 0.014595
0 0.421556 0.463378 0.012314 0.014595
0 0.445671 0.468851 0.011288 0.018243
0 0.473891 0.463378 0.016419 0.014595
0 0.545724 0.476149 0.018471 0.021892
0 0.469273 0.499865 0.035916 0.058378
0 0.428739 0.519020 0.047204 0.067500
0 0.405650 0.495304 0.027707 0.052905
0 0.490823 0.454257 0.011288 0.010946
0 0.507242 0.453345 0.011288 0.012770
4 0.531357 0.477973 0.006157 0.021892
