0 0.633160 0.570584 0.023734 0.042194
0 0.019462 0.637412 0.038924 0.057384
0 0.015190 0.650914 0.030380 0.057384
0 0.052346 0.806413 0.104430 0.259916
1 0.926514 0.535985 0.143354 0.226160
0 0.839656 0.602194 0.056013 0.081013
0 0.403481 0.566365 0.026582 0.020253
0 0.418196 0.578179 0.014241 0.027004
0 0.408228 0.600964 0.028481 0.059072
0 0.398259 0.606871 0.038924 0.060759
0 0.384494 0.618686 0.041772 0.070886
0 0.345095 0.632188 0.071203 0.101266
0 0.234494 0.650271 0.193671 0.236287
0 0.474412 0.565883 0.112025 0.192405
0 0.524525 0.757243 0.240190 0.398312
