0 0.140711 0.484593 0.281421 0.600748
0 0.710922 0.502514 0.213282 0.254034
0 0.277398 0.459536 0.195124 0.314702
0 0.383177 0.456871 0.056665 0.148444
0 0.403122 0.437185 0.068394 0.123377
0 0.614842 0.462219 0.077446 0.159139
0 0.605287 0.434503 0.086498 0.125166
0 0.553489 0.446126 0.035203 0.080464
0 0.537899 0.449702 0.014081 0.055430
0 0.526332 0.454172 0.023133 0.039338
0 0.513257 0.460430 0.015087 0.019669
1 0.412678 0.391589 0.099574 0.160927
0 0.468499 0.451490 0.016093 0.037550
0 0.492039 0.463113 0.021314 0.025033
