0 0.978971 0.652119 0.039782 0.309939
0 0.752562 0.480509 0.106476 0.104006
0 0.575882 0.456587 0.062014 0.085285
0 0.399786 0.442027 0.042123 0.052003
0 0.040575 0.392104 0.077225 0.043683
0 0.206140 0.408745 0.036272 0.027042
0 0.233051 0.409785 0.019891 0.020801
0 0.268153 0.411865 0.031592 0.033282
0 0.313786 0.418105 0.019891 0.020801
0 0.424358 0.440986 0.018721 0.033282
0 0.618004 0.448267 0.040952 0.068644
0 0.540195 0.449307 0.032762 0.049923
0 0.516793 0.444107 0.018721 0.027042
0 0.497487 0.444107 0.019891 0.031202
0 0.484031 0.440986 0.016381 0.016641
0 0.472331 0.443067 0.009361 0.020801
0 0.464140 0.443067 0.014041 0.020801
0 0.453024 0.442027 0.015211 0.014561
0 0.439569 0.439946 0.009361 0.022881
0 0.355909 0.417065 0.019891 0.014561
0 0.336103 0.419145 0.023401 0.012481
