0 0.142622 0.689955 0.034413 0.021752
2 0.204565 0.671601 0.035942 0.055740
2 0.777728 0.633535 0.169005 0.112840
0 0.073032 0.683837 0.058884 0.072054
0 0.205329 0.691314 0.032883 0.048943
0 0.276067 0.682477 0.024471 0.025831
0 0.298626 0.683837 0.031354 0.036707
0 0.325392 0.687915 0.025236 0.025831
0 0.353304 0.674320 0.009177 0.017674
0 0.364775 0.679079 0.012236 0.019033
0 0.395364 0.683837 0.012236 0.017674
0 0.469161 0.672961 0.042825 0.058459
0 0.578517 0.719184 0.073414 0.118278
0 0.648872 0.736178 0.148357 0.165861
0 0.835083 0.800075 0.328068 0.318127
0 0.035689 0.690498 0.071378 0.082931
0 0.236330 0.691858 0.048178 0.053021
0 0.443953 0.721088 0.097885 0.135952
