0 0.455721 0.357478 0.012433 0.027204
0 0.446157 0.360879 0.018171 0.030605
0 0.471980 0.359178 0.016259 0.030605
0 0.485369 0.364279 0.025823 0.037406
0 0.628350 0.360879 0.019128 0.044207
0 0.378253 0.381282 0.014346 0.061209
0 0.120984 0.429739 0.142502 0.151322
0 0.767505 0.400835 0.157805 0.188728
0 0.542753 0.288193 0.095639 0.122418
0 0.272094 0.423788 0.217101 0.261839
0 0.429898 0.362579 0.021997 0.034005
0 0.564750 0.413586 0.146328 0.224433
0 0.648434 0.371080 0.042081 0.057809
0 0.884663 0.454332 0.229534 0.246537
0 0.030058 0.487487 0.059296 0.142821
0 0.992257 0.562419 0.014346 0.086713
