0 0.026080 0.493790 0.050248 0.246270
0 0.723368 0.467916 0.157230 0.185944
0 0.134682 0.457217 0.197724 0.206321
0 0.271513 0.449576 0.087400 0.114623
0 0.335988 0.431746 0.058744 0.078962
0 0.439865 0.416463 0.031521 0.043302
0 0.457058 0.416463 0.014328 0.038208
0 0.464939 0.405000 0.012895 0.030566
0 0.639738 0.455944 0.061610 0.117170
0 0.603919 0.453397 0.027223 0.071321
0 0.589591 0.440661 0.044416 0.091698
0 0.557353 0.424104 0.034387 0.058585
0 0.538011 0.411368 0.021492 0.033113
0 0.525832 0.410095 0.017193 0.030566
