2 0.485468 0.546682 0.016795 0.025592
2 0.469273 0.545616 0.015595 0.031990
0 0.456677 0.555213 0.021594 0.034123
0 0.430885 0.566943 0.039588 0.049052
0 0.411690 0.550947 0.013196 0.021327
0 0.400893 0.553080 0.015595 0.034123
0 0.292926 0.576540 0.056383 0.068246
0 0.265334 0.559478 0.032390 0.059716
0 0.232943 0.553080 0.025193 0.029858
0 0.127375 0.565876 0.080376 0.081043
0 0.358906 0.577606 0.082775 0.121564
0 0.537653 0.544549 0.010797 0.021327
0 0.549649 0.556279 0.017995 0.027725
0 0.518024 0.561611 0.028460 0.055450
0 0.057389 0.596801 0.114778 0.228199
