0 0.121851 0.612613 0.243702 0.299808
0 0.236391 0.532895 0.073111 0.109178
0 0.276845 0.539827 0.019496 0.043325
0 0.291955 0.538094 0.016572 0.043325
0 0.328998 0.517298 0.047766 0.081451
0 0.429890 0.547625 0.074085 0.110911
0 0.484479 0.528562 0.031194 0.048524
0 0.365066 0.526829 0.024370 0.041592
0 0.381150 0.526829 0.013647 0.020796
0 0.953362 0.449711 0.089682 0.116110
0 0.761812 0.467908 0.041917 0.045058
0 0.678954 0.477439 0.022421 0.032927
0 0.613154 0.489570 0.027295 0.029461
0 0.580498 0.496502 0.030219 0.015597
0 0.671155 0.475706 0.022421 0.025995
