0 0.765475 0.496464 0.010686 0.025330
0 0.753008 0.496464 0.014248 0.021108
0 0.745884 0.501742 0.011873 0.023219
0 0.737573 0.499631 0.009499 0.023219
0 0.729261 0.502797 0.011873 0.029551
0 0.720356 0.498575 0.015435 0.033773
0 0.706702 0.498575 0.016623 0.033773
0 0.696016 0.505963 0.018997 0.031662
0 0.672269 0.503852 0.030871 0.052770
0 0.651491 0.511240 0.036807 0.042216
0 0.627744 0.516517 0.036807 0.052770
0 0.592124 0.523905 0.041557 0.059103
0 0.466860 0.531293 0.059367 0.078100
0 0.388496 0.549235 0.109235 0.105541
0 0.521953 0.524961 0.107810 0.107652
0 0.276649 0.562955 0.130607 0.124538
0 0.122296 0.602005 0.244591 0.227968
0 0.065897 0.522850 0.129420 0.099208
0 0.812375 0.513351 0.087863 0.113984
0 0.862243 0.494354 0.026121 0.046438
0 0.895488 0.495409 0.023747 0.027441
0 0.934670 0.515462 0.059367 0.092876
0 0.964947 0.545013 0.067678 0.164644
