0 0.016084 0.514699 0.032169 0.128241
0 0.079447 0.496502 0.131599 0.136906
0 0.173516 0.485238 0.070186 0.103980
0 0.227130 0.485238 0.040942 0.076252
0 0.251500 0.447112 0.013647 0.020796
0 0.289518 0.480905 0.095531 0.116110
0 0.344595 0.456643 0.030219 0.053723
0 0.370427 0.458376 0.021446 0.025995
0 0.378225 0.452311 0.019496 0.031194
0 0.392848 0.459243 0.007798 0.027728
0 0.399184 0.453177 0.014622 0.025995
0 0.409419 0.449711 0.007798 0.025995
0 0.416730 0.450578 0.008773 0.027728
0 0.868066 0.480039 0.205684 0.197561
0 0.752064 0.461842 0.088708 0.136906
0 0.696988 0.464442 0.056539 0.090116
0 0.665306 0.460109 0.045816 0.084917
0 0.516355 0.458376 0.047377 0.074519
0 0.585860 0.444512 0.027295 0.032927
0 0.441588 0.446245 0.015597 0.019063
0 0.573674 0.441046 0.018521 0.043325
0 0.561489 0.437580 0.003899 0.025995
0 0.555640 0.441046 0.007798 0.019063
0 0.541018 0.441046 0.005849 0.015597
0 0.455235 0.445379 0.009748 0.013864
0 0.465958 0.444512 0.007798 0.008665
