0 0.345289 0.560026 0.035203 0.028609
0 0.317127 0.561815 0.021122 0.014305
0 0.300029 0.561815 0.041238 0.028609
0 0.273375 0.565391 0.042243 0.021457
0 0.228617 0.569861 0.039226 0.030397
0 0.187882 0.574331 0.052301 0.035762
0 0.138598 0.579695 0.042243 0.035762
0 0.116471 0.582377 0.040232 0.044702
0 0.075736 0.584166 0.051296 0.044702
0 0.045663 0.636914 0.091326 0.185960
0 0.470008 0.555556 0.017099 0.026821
0 0.530356 0.531417 0.013075 0.021457
0 0.559524 0.543040 0.045261 0.066159
0 0.500182 0.556450 0.049284 0.060795
0 0.444863 0.560921 0.033191 0.033974
0 0.619368 0.537675 0.026151 0.041126
2 0.615345 0.516219 0.024139 0.041126
0 0.832597 0.523371 0.070406 0.080464
0 0.936003 0.533205 0.126349 0.171656
0 0.729503 0.635126 0.224292 0.332583
3 0.414293 0.559756 0.009748 0.020796
