0 0.440565 0.428393 0.010324 0.014275
0 0.429668 0.429413 0.009177 0.012236
0 0.417623 0.429413 0.014912 0.020393
0 0.400417 0.431452 0.014912 0.016314
0 0.386652 0.430433 0.012618 0.014275
0 0.375755 0.438590 0.016059 0.014275
0 0.452610 0.421256 0.009177 0.012236
0 0.460066 0.440629 0.014912 0.026511
0 0.324135 0.442668 0.020648 0.026511
0 0.302914 0.447766 0.026383 0.024471
0 0.273663 0.453884 0.043589 0.028550
0 0.229500 0.461022 0.047031 0.030589
0 0.160675 0.466120 0.067678 0.036707
0 0.064893 0.463061 0.117003 0.075453
2 0.205028 0.419071 0.126180 0.075453
2 0.367915 0.419479 0.020648 0.046903
2 0.496390 0.422538 0.020648 0.044864
0 0.475169 0.443950 0.024089 0.034668
0 0.521626 0.457205 0.048178 0.073414
0 0.018640 0.632175 0.037280 0.175378
0 0.533389 0.406719 0.008593 0.007638
