1 0.830165 0.350085 0.333470 0.685193
0 0.165565 0.502974 0.118177 0.145609
0 0.290762 0.432250 0.024571 0.037442
0 0.348681 0.485293 0.086585 0.114407
0 0.623062 0.422889 0.043293 0.056163
0 0.573334 0.408328 0.032762 0.043683
0 0.483824 0.428090 0.038612 0.054083
0 0.330545 0.434122 0.036272 0.047843
0 0.356871 0.420601 0.018721 0.016641
0 0.439946 0.415401 0.014041 0.014561
0 0.428246 0.414361 0.011701 0.020801
0 0.417715 0.419561 0.018721 0.039522
0 0.399579 0.427882 0.036272 0.056163
0 0.389633 0.448683 0.042123 0.076965
0 0.484994 0.397720 0.022231 0.012481
0 0.506055 0.413321 0.010531 0.014561
0 0.599661 0.402920 0.022231 0.039522
0 0.015211 0.439322 0.025742 0.024961
0 0.050313 0.445563 0.037442 0.024961
