0 0.444729 0.513392 0.016528 0.031016
0 0.433710 0.518289 0.016528 0.034281
0 0.421773 0.521554 0.023874 0.037545
0 0.417641 0.528083 0.017446 0.037545
0 0.478703 0.514208 0.023874 0.016324
0 0.505791 0.513392 0.028465 0.024486
0 0.536552 0.520738 0.025710 0.039178
0 0.550325 0.520738 0.016528 0.039178
0 0.566394 0.524819 0.028465 0.044075
0 0.567771 0.534341 0.018365 0.043531
0 0.582922 0.538966 0.030302 0.047340
0 0.609092 0.512031 0.020201 0.022854
0 0.638169 0.512984 0.033974 0.029383
0 0.637710 0.516249 0.011019 0.039178
0 0.675816 0.520330 0.039484 0.031016
0 0.704052 0.524411 0.020201 0.019589
0 0.758227 0.512168 0.011019 0.017956
0 0.774755 0.515432 0.011019 0.014692
0 0.814239 0.515432 0.014692 0.014692
0 0.788988 0.512984 0.019283 0.013059
0 0.861069 0.517881 0.038566 0.026119
0 0.871399 0.554202 0.131307 0.091415
0 0.943021 0.550393 0.112024 0.106106
0 0.325971 0.523730 0.044075 0.050605
0 0.305311 0.538422 0.026629 0.053869
0 0.270710 0.542724 0.055094 0.078356
0 0.340383 0.545224 0.057157 0.062031
0 0.389854 0.526451 0.047748 0.070193
0 0.598751 0.546856 0.046830 0.062031
0 0.992853 0.825213 0.012855 0.128960
