0 0.416003 0.569063 0.008112 0.015530
0 0.420994 0.569618 0.008112 0.016639
0 0.426922 0.570727 0.012479 0.021076
0 0.436282 0.573500 0.009984 0.028841
0 0.444081 0.575164 0.014351 0.032169
0 0.455937 0.579047 0.025583 0.039934
0 0.403523 0.565181 0.009360 0.012202
0 0.393540 0.565735 0.010608 0.013311
0 0.465296 0.585148 0.028079 0.032169
0 0.494623 0.590694 0.038062 0.058792
0 0.481208 0.575719 0.016223 0.022186
0 0.349550 0.565735 0.007488 0.015530
0 0.368269 0.565735 0.006240 0.015530
0 0.295576 0.563517 0.010608 0.022186
1 0.151384 0.491643 0.302767 0.519145
0 0.338505 0.565735 0.018095 0.026623
0 0.359408 0.571836 0.018719 0.027732
0 0.562636 0.708056 0.204039 0.287305
