0 0.434871 0.536374 0.010797 0.014929
0 0.352695 0.550237 0.021594 0.034123
0 0.338300 0.549170 0.023993 0.036256
0 0.320305 0.552369 0.021594 0.042654
0 0.393483 0.538507 0.019194 0.031990
0 0.298111 0.549170 0.029991 0.053317
0 0.268720 0.552369 0.040788 0.059716
0 0.530842 0.534455 0.013196 0.025592
0 0.565632 0.538720 0.037189 0.059716
0 0.584826 0.552583 0.046786 0.066114
0 0.617217 0.565379 0.058783 0.091706
0 0.636411 0.583507 0.063581 0.098104
0 0.659804 0.603767 0.076777 0.125829
0 0.723385 0.638957 0.158353 0.183412
0 0.224333 0.564526 0.069579 0.074645
0 0.094172 0.571990 0.149955 0.119431
0 0.415077 0.540000 0.033590 0.046919
0 0.447467 0.541066 0.023993 0.036256
0 0.495453 0.526137 0.011996 0.019194
2 0.481057 0.523578 0.016795 0.036256
0 0.879039 0.731516 0.238729 0.428673
0 0.503613 0.524375 0.009492 0.018750
