0 0.495411 0.528779 0.009564 0.015302
0 0.490151 0.528779 0.008608 0.015302
0 0.485369 0.534729 0.010520 0.027204
0 0.481065 0.534729 0.011477 0.030605
0 0.473414 0.537280 0.021041 0.039106
0 0.453330 0.544081 0.034430 0.049307
0 0.456677 0.551732 0.018171 0.051008
0 0.515974 0.529629 0.006695 0.013602
0 0.519321 0.530479 0.005738 0.015302
0 0.522668 0.532179 0.008608 0.018703
0 0.529841 0.536430 0.011477 0.027204
0 0.536536 0.538130 0.013389 0.034005
0 0.542753 0.541531 0.010520 0.040806
0 0.556142 0.542381 0.029648 0.042506
0 0.587703 0.555983 0.052602 0.076511
0 0.608265 0.578936 0.040168 0.088413
0 0.340476 0.584887 0.097552 0.175126
0 0.223318 0.623823 0.236229 0.270340
0 0.433724 0.554963 0.043038 0.057809
0 0.506888 0.526908 0.009564 0.015302
0 0.658954 0.588968 0.099465 0.129219
0 0.857884 0.642696 0.284048 0.365554
