0 0.555108 0.467787 0.009004 0.014229
0 0.548104 0.468676 0.009004 0.016008
0 0.542601 0.468676 0.010005 0.016008
0 0.537466 0.470633 0.008004 0.014229
0 0.528961 0.473301 0.015007 0.016008
0 0.600497 0.449289 0.010005 0.014229
0 0.590492 0.446621 0.012006 0.016008
0 0.580987 0.445731 0.009004 0.010672
0 0.580987 0.454625 0.013006 0.014229
0 0.568981 0.457293 0.015007 0.019565
0 0.586990 0.484862 0.019009 0.032016
0 0.607500 0.459071 0.012006 0.023123
0 0.619006 0.464407 0.015007 0.019565
0 0.623008 0.477747 0.019009 0.028459
0 0.596995 0.466186 0.013006 0.023123
0 0.591993 0.446621 0.013006 0.019565
0 0.568981 0.492866 0.029014 0.048024
0 0.630011 0.481304 0.013006 0.032016
0 0.636014 0.488419 0.011005 0.039130
0 0.645519 0.490198 0.022011 0.042688
0 0.657525 0.494644 0.020010 0.044466
0 0.692042 0.467075 0.053026 0.021344
0 0.698545 0.535554 0.110054 0.129842
0 0.745068 0.503538 0.025012 0.040909
0 0.778585 0.517767 0.062031 0.119170
0 0.851954 0.529091 0.145805 0.164111
0 0.932047 0.571542 0.135906 0.209881
0 0.485240 0.482194 0.016008 0.030237
0 0.476235 0.486640 0.020010 0.032016
0 0.422209 0.538221 0.076038 0.117391
0 0.276637 0.568577 0.239118 0.266798
0 0.033417 0.680514 0.066033 0.490909
