0 0.502212 0.382035 0.007993 0.023092
0 0.494718 0.382923 0.010991 0.028421
0 0.486724 0.386476 0.012989 0.035526
0 0.475733 0.390916 0.018984 0.047961
0 0.465242 0.401574 0.027977 0.062171
0 0.455750 0.406903 0.018984 0.051513
0 0.440762 0.411344 0.026978 0.081711
0 0.409288 0.413120 0.065946 0.092368
0 0.407789 0.440653 0.054955 0.101250
0 0.356332 0.461969 0.097919 0.190066
0 0.210951 0.501048 0.282767 0.328618
0 0.104726 0.622979 0.209453 0.508026
0 0.517199 0.385841 0.015987 0.030197
0 0.531687 0.379624 0.006994 0.024868
0 0.539681 0.381400 0.006994 0.028421
0 0.548174 0.390282 0.009992 0.042632
0 0.555168 0.391170 0.009992 0.044408
0 0.571155 0.390282 0.029975 0.053289
0 0.581646 0.408933 0.038968 0.065724
0 0.611622 0.422256 0.032973 0.078158
0 0.648092 0.438242 0.073939 0.095921
0 0.673071 0.456894 0.075937 0.119013
0 0.825593 0.469780 0.297755 0.305526
0 0.953988 0.667839 0.090925 0.317961
