0 0.111738 0.525501 0.223476 0.437051
0 0.757498 0.509719 0.248573 0.264658
0 0.579946 0.456302 0.071021 0.089838
0 0.459757 0.467228 0.076484 0.121403
0 0.366884 0.462372 0.060094 0.077698
0 0.204185 0.443121 0.020487 0.026709
0 0.257450 0.441907 0.039608 0.033993
0 0.313447 0.439479 0.036876 0.024281
0 0.338714 0.439479 0.016389 0.019424
0 0.394711 0.454047 0.024584 0.058273
0 0.403589 0.441907 0.009560 0.024281
0 0.417247 0.447977 0.023218 0.036421
0 0.419296 0.430981 0.021853 0.016996
0 0.492365 0.444335 0.012292 0.029137
0 0.531973 0.446763 0.012292 0.024281
0 0.546313 0.454047 0.019121 0.029137
0 0.518998 0.446763 0.035510 0.058273
0 0.657852 0.428957 0.032779 0.024281
0 0.623025 0.421673 0.012292 0.019424
0 0.901645 0.414389 0.116092 0.058273
0 0.977446 0.406295 0.043705 0.053417
