0 0.413620 0.361110 0.015211 0.024961
0 0.424735 0.369430 0.009361 0.012481
0 0.450477 0.364230 0.011701 0.014561
0 0.472123 0.366310 0.012871 0.014561
0 0.497280 0.353829 0.014041 0.018721
0 0.508981 0.353829 0.011701 0.027042
0 0.513661 0.355909 0.014041 0.022881
0 0.523021 0.361110 0.016381 0.029122
0 0.532967 0.364230 0.022231 0.035362
0 0.562804 0.377751 0.056163 0.054083
0 0.321184 0.419353 0.097116 0.128968
0 0.274966 0.411033 0.023401 0.066564
0 0.160300 0.444315 0.128708 0.153929
1 0.369157 0.374422 0.083075 0.128968
0 0.583865 0.423305 0.079565 0.110247
0 0.972211 0.462828 0.052653 0.106086
