3 0.152557 0.638607 0.030219 0.081451
0 0.985690 0.745186 0.027614 0.166367
0 0.066774 0.615212 0.133549 0.155969
0 0.454260 0.723524 0.321687 0.424583
0 0.793006 0.615212 0.244677 0.211425
0 0.660920 0.569288 0.138423 0.171566
0 0.581473 0.558023 0.073111 0.124775
0 0.160843 0.603948 0.066287 0.091849
0 0.214458 0.581419 0.072136 0.091849
0 0.257837 0.581419 0.028269 0.064121
0 0.457185 0.499968 0.064337 0.036393
0 0.305602 0.565822 0.036068 0.039859
0 0.336309 0.563222 0.025345 0.038126
0 0.349956 0.552824 0.009748 0.017330
2 0.523472 0.478306 0.077985 0.117843
