0 0.671359 0.476221 0.011959 0.042520
0 0.650791 0.475689 0.028222 0.041457
0 0.457299 0.492165 0.040659 0.040394
0 0.423815 0.494291 0.028701 0.053150
0 0.396908 0.493228 0.029897 0.055276
0 0.361152 0.496417 0.055010 0.070157
0 0.631417 0.499606 0.038268 0.046772
0 0.692407 0.493016 0.014350 0.036142
0 0.779705 0.514276 0.033484 0.061654
0 0.809004 0.514276 0.053814 0.087165
0 0.865688 0.525969 0.111216 0.144567
0 0.940429 0.563173 0.114803 0.133937
0 0.554762 0.487914 0.032288 0.044646
0 0.729957 0.510236 0.059793 0.093543
2 0.269070 0.466122 0.114803 0.165827
0 0.121380 0.536280 0.242761 0.208347
0 0.605587 0.478347 0.014350 0.029764
