0 0.471972 0.500390 0.010547 0.018750
0 0.503613 0.505078 0.007910 0.018750
0 0.511523 0.503906 0.013184 0.021094
0 0.518774 0.507422 0.014502 0.032812
0 0.524707 0.509765 0.013184 0.046875
0 0.532617 0.514453 0.021094 0.046875
0 0.715209 0.517968 0.077783 0.067969
0 0.414624 0.505078 0.009229 0.018750
0 0.404736 0.505078 0.013184 0.018750
0 0.310473 0.519140 0.030322 0.032812
0 0.290698 0.520312 0.017139 0.039844
0 0.098877 0.525000 0.073828 0.049219
0 0.462266 0.502031 0.014502 0.023437
0 0.487315 0.505547 0.025049 0.035156
0 0.556529 0.518437 0.052734 0.070312
0 0.384483 0.505547 0.035596 0.044531
0 0.350205 0.509062 0.032959 0.042187
0 0.265831 0.526640 0.043506 0.044531
0 0.190025 0.531328 0.068555 0.053906
0 0.642222 0.552421 0.113379 0.119531
0 0.777354 0.524297 0.114697 0.082031
2 0.485337 0.476250 0.018457 0.028125
0 0.029095 0.544218 0.058189 0.103125
0 0.929624 0.752812 0.139746 0.309375
