0 0.339528 0.501310 0.010531 0.016641
0 0.344208 0.524191 0.015211 0.049923
0 0.335432 0.513791 0.011701 0.016641
0 0.329582 0.528352 0.009361 0.024961
0 0.313201 0.522111 0.018721 0.041602
0 0.295650 0.517951 0.025742 0.070724
0 0.281609 0.517951 0.035102 0.074884
0 0.264058 0.522111 0.037442 0.087365
0 0.242412 0.524191 0.052653 0.099846
0 0.376385 0.521071 0.060844 0.089445
0 0.601038 0.470108 0.037442 0.049923
0 0.706930 0.563714 0.216463 0.303698
0 0.197364 0.536672 0.091265 0.141448
0 0.162847 0.558513 0.076055 0.180971
0 0.079961 0.566834 0.159922 0.384823
0 0.505092 0.601156 0.243375 0.328660
0 0.868984 0.640678 0.259756 0.557473
