0 0.504660 0.406554 0.019074 0.040267
0 0.362799 0.408673 0.040532 0.040267
0 0.347302 0.407614 0.054837 0.046625
0 0.299021 0.418210 0.058413 0.059341
0 0.257893 0.422449 0.102522 0.067818
0 0.214977 0.430926 0.097753 0.084772
0 0.144047 0.433045 0.151398 0.110204
0 0.067553 0.461656 0.135106 0.125039
0 0.057023 0.433045 0.034571 0.021193
0 0.029604 0.506162 0.053645 0.082653
0 0.678709 0.444702 0.121595 0.184380
0 0.442671 0.429680 0.109674 0.174116
0 0.546421 0.419219 0.045373 0.055967
0 0.825730 0.485860 0.270933 0.299193
0 0.966444 0.526914 0.060101 0.223869
