0 0.092246 0.452835 0.184163 0.459213
0 0.871951 0.520866 0.253524 0.557008
0 0.739210 0.415630 0.248740 0.278504
0 0.616036 0.400748 0.083711 0.142441
0 0.574180 0.362480 0.083711 0.116929
0 0.530531 0.357165 0.044247 0.093543
0 0.510799 0.344410 0.040659 0.068032
1 0.541892 0.326339 0.138721 0.070157
0 0.440243 0.324213 0.014350 0.027638
0 0.456985 0.340158 0.035876 0.059528
0 0.412738 0.331654 0.021526 0.042520
0 0.427687 0.319961 0.010763 0.031890
0 0.393604 0.330591 0.026309 0.061654
0 0.384038 0.335906 0.026309 0.068032
0 0.357131 0.331654 0.051422 0.076535
0 0.343378 0.353976 0.035876 0.082913
0 0.295543 0.364606 0.102845 0.108425
