0 0.492171 0.445647 0.007346 0.014692
0 0.429272 0.456258 0.011937 0.022854
0 0.387033 0.466052 0.017446 0.048972
0 0.371423 0.470133 0.026629 0.053869
0 0.336837 0.476663 0.053563 0.068561
0 0.516963 0.458706 0.016528 0.037545
0 0.539459 0.473398 0.037647 0.063664
0 0.842475 0.611336 0.268123 0.285671
0 0.580841 0.480754 0.072663 0.070680
0 0.413203 0.458473 0.027547 0.035913
0 0.482070 0.449495 0.011019 0.021221
0 0.501817 0.452812 0.014502 0.018750
0 0.620469 0.480937 0.061963 0.079687
0 0.050847 0.516093 0.101695 0.084375
