0 0.020494 0.615473 0.040659 0.282756
0 0.073628 0.594213 0.147256 0.218976
0 0.135297 0.457087 0.270266 0.412441
0 0.247709 0.511299 0.102845 0.129685
0 0.278801 0.516614 0.107628 0.097795
0 0.282389 0.485788 0.167421 0.125433
0 0.347564 0.483662 0.113607 0.104173
0 0.409749 0.485788 0.022721 0.040394
0 0.453398 0.516614 0.083711 0.127559
0 0.498841 0.477284 0.021526 0.027638
0 0.526944 0.480473 0.022721 0.034016
0 0.558634 0.498543 0.052618 0.065906
0 0.540098 0.485788 0.022721 0.040394
0 0.626201 0.501732 0.056206 0.068032
0 0.653108 0.483662 0.019134 0.040394
0 0.782261 0.529370 0.162638 0.174331
0 0.900054 0.552756 0.197318 0.246614
