0 0.336043 0.187717 0.011439 0.018772
0 0.328564 0.188499 0.008799 0.017207
0 0.321964 0.190064 0.009679 0.017207
0 0.314485 0.187717 0.010559 0.018772
0 0.299526 0.183024 0.024638 0.034415
0 0.251131 0.187717 0.015839 0.037543
0 0.233532 0.188499 0.031677 0.051622
0 0.204495 0.186935 0.038717 0.061008
0 0.172377 0.190846 0.046636 0.068830
0 0.135860 0.204143 0.066874 0.067265
0 0.475511 0.187717 0.022878 0.037543
0 0.493110 0.193192 0.021118 0.042236
0 0.514228 0.193975 0.035197 0.050058
0 0.552065 0.182242 0.029917 0.026593
0 0.563064 0.209618 0.020238 0.062572
0 0.582422 0.217439 0.030797 0.071958
0 0.623339 0.212746 0.066874 0.096987
0 0.680534 0.225261 0.102071 0.125145
0 0.769846 0.234647 0.117030 0.134531
0 0.844948 0.354316 0.307094 0.372306
0 0.537414 0.212746 0.070394 0.086037
0 0.422584 0.249508 0.111750 0.178331
0 0.015619 0.207271 0.030797 0.120452
