0 0.204710 0.488704 0.023395 0.024262
0 0.324124 0.489570 0.012673 0.012131
0 0.335334 0.489570 0.011698 0.015597
0 0.500076 0.494769 0.013647 0.025995
0 0.487891 0.505167 0.012673 0.036393
0 0.530295 0.513832 0.009748 0.015597
0 0.521035 0.516432 0.012673 0.013864
0 0.507875 0.519031 0.011698 0.019063
0 0.478143 0.509500 0.022421 0.045058
0 0.462059 0.520764 0.015597 0.043325
0 0.453286 0.529429 0.011698 0.057189
0 0.386999 0.525096 0.025345 0.045058
0 0.425016 0.536361 0.058488 0.095315
0 0.314376 0.534628 0.069211 0.077985
0 0.555640 0.476573 0.013647 0.017330
