0 0.190619 0.476633 0.069222 0.093673
0 0.119330 0.486735 0.089885 0.128571
0 0.042360 0.516428 0.084719 0.147551
0 0.337672 0.434388 0.017564 0.023878
0 0.312876 0.438061 0.036161 0.034898
0 0.437372 0.420918 0.014464 0.023878
0 0.485414 0.448469 0.042360 0.082653
0 0.491097 0.457653 0.030995 0.075306
0 0.503495 0.462245 0.041327 0.084490
0 0.533973 0.461326 0.058890 0.108367
0 0.588214 0.469592 0.097117 0.165306
0 0.746460 0.488047 0.306849 0.323265
0 0.392676 0.503396 0.131212 0.189184
0 0.933502 0.653143 0.130179 0.389388
