0 0.474161 0.461339 0.033484 0.040394
0 0.402409 0.450709 0.017938 0.027638
0 0.397028 0.462402 0.021526 0.038268
0 0.327667 0.471969 0.047835 0.074409
0 0.305544 0.480473 0.046639 0.074409
0 0.278637 0.488977 0.035876 0.091417
0 0.249338 0.492165 0.051422 0.127559
0 0.154267 0.499606 0.155463 0.176457
0 0.059195 0.549567 0.118391 0.221102
0 0.442471 0.517677 0.100453 0.140315
0 0.568635 0.502795 0.094473 0.123307
0 0.834879 0.658843 0.327667 0.465591
0 0.962239 0.835299 0.072948 0.304016
0 0.379688 0.465591 0.037072 0.046772
