0 0.443208 0.422831 0.017193 0.030566
0 0.459685 0.433019 0.021492 0.040755
0 0.472580 0.445755 0.032954 0.045849
0 0.498370 0.461038 0.041551 0.076415
0 0.531324 0.464434 0.050147 0.100189
0 0.565711 0.469104 0.095997 0.140094
0 0.623022 0.494151 0.136115 0.168113
0 0.382315 0.433019 0.021492 0.040755
0 0.297064 0.472500 0.051580 0.084057
0 0.261244 0.485236 0.071639 0.114623
0 0.186023 0.496699 0.127518 0.168113
0 0.078326 0.514529 0.156651 0.295472
0 0.730481 0.541274 0.245006 0.226698
0 0.367270 0.441934 0.025790 0.038208
0 0.350077 0.453397 0.037252 0.040755
