0 0.406940 0.566579 0.013174 0.016314
0 0.493377 0.569637 0.009941 0.035347
0 0.384786 0.574396 0.020648 0.023112
0 0.503319 0.565559 0.014530 0.048943
0 0.517466 0.573036 0.019883 0.044864
0 0.531613 0.573036 0.022177 0.044864
0 0.546908 0.580514 0.023707 0.046224
0 0.563350 0.579154 0.024471 0.057100
0 0.586292 0.580514 0.042825 0.078852
0 0.629499 0.579834 0.074179 0.101964
0 0.675382 0.598187 0.092532 0.092447
0 0.789505 0.621027 0.152946 0.163142
0 0.367299 0.576163 0.011471 0.019033
0 0.351240 0.575483 0.020648 0.028550
0 0.342828 0.585680 0.017589 0.021752
0 0.323709 0.584320 0.023707 0.032628
0 0.303444 0.586360 0.024471 0.036707
0 0.280120 0.591118 0.034413 0.046224
0 0.252207 0.601314 0.036707 0.053021
0 0.221618 0.605393 0.038236 0.058459
0 0.179329 0.610831 0.055825 0.077492
0 0.112797 0.616949 0.083355 0.106042
0 0.043025 0.639706 0.086050 0.123716
0 0.911956 0.635627 0.174358 0.292296
0 0.462707 0.564249 0.018361 0.018653
0 0.443690 0.561917 0.014427 0.013990
