0 0.535524 0.487224 0.013603 0.018493
0 0.547526 0.494336 0.021605 0.038409
0 0.573132 0.507139 0.040809 0.055479
0 0.476310 0.499315 0.012003 0.017071
0 0.455505 0.503583 0.016804 0.017071
0 0.439501 0.493625 0.016804 0.025606
0 0.508717 0.504294 0.056013 0.086776
0 0.411495 0.519231 0.072817 0.091043
0 0.373686 0.505005 0.009602 0.012803
0 0.363284 0.510696 0.011203 0.021338
0 0.351281 0.511407 0.009602 0.022761
0 0.337278 0.511407 0.013603 0.022761
0 0.324075 0.509984 0.011203 0.031296
0 0.303670 0.514252 0.031207 0.036986
0 0.292067 0.526344 0.041610 0.049789
0 0.240856 0.548393 0.094422 0.085353
0 0.202047 0.532034 0.012003 0.024183
0 0.193245 0.537013 0.010402 0.028451
0 0.177641 0.538435 0.035208 0.039831
0 0.147634 0.538435 0.032808 0.042677
0 0.129230 0.541281 0.021605 0.042677
0 0.062014 0.573288 0.124029 0.118072
0 0.691360 0.476554 0.017604 0.021338
0 0.952429 0.461618 0.094404 0.116649
0 0.876821 0.478644 0.048811 0.073973
