0 0.612024 0.453766 0.108114 0.146441
0 0.455430 0.424783 0.011155 0.018305
0 0.476881 0.423257 0.012871 0.021356
0 0.489323 0.421732 0.006864 0.015254
0 0.011272 0.424783 0.022543 0.021356
0 0.032177 0.424068 0.031748 0.021356
1 0.095673 0.415678 0.030032 0.025932
2 0.208506 0.402203 0.044619 0.021356
2 0.244544 0.405763 0.027458 0.012203
2 0.334640 0.411864 0.017161 0.009153
1 0.361668 0.416441 0.026600 0.009153
0 0.377650 0.420145 0.007722 0.009153
0 0.390647 0.420969 0.006864 0.016780
0 0.398370 0.421732 0.010297 0.018305
0 0.408666 0.420206 0.010297 0.015254
0 0.427114 0.418681 0.011155 0.015254
