0 0.340083 0.459184 0.013776 0.021429
0 0.328029 0.464541 0.013776 0.019898
0 0.310810 0.461480 0.024107 0.032143
0 0.289286 0.457653 0.029273 0.030612
0 0.285411 0.473725 0.028412 0.038265
0 0.255278 0.468368 0.035300 0.055102
0 0.218686 0.473725 0.065434 0.068878
0 0.191566 0.487500 0.097290 0.075000
0 0.146365 0.489796 0.067156 0.073469
0 0.129576 0.497449 0.057685 0.082653
0 0.096285 0.492857 0.035300 0.119388
0 0.047706 0.490374 0.095411 0.150000
0 0.025751 0.517925 0.051502 0.113265
0 0.421076 0.458747 0.007749 0.018367
0 0.429255 0.463338 0.012054 0.027551
0 0.443891 0.465634 0.024107 0.032143
0 0.452071 0.473287 0.023246 0.032143
0 0.468860 0.477114 0.022385 0.048980
0 0.613715 0.514864 0.125702 0.168367
0 0.757653 0.569388 0.266040 0.244898
0 0.892846 0.642152 0.210938 0.365816
0 0.503511 0.477364 0.063712 0.090306
0 0.352424 0.459184 0.010332 0.018367
0 0.367921 0.459949 0.010332 0.010714
0 0.391598 0.463010 0.007749 0.010714
0 0.383419 0.458419 0.013776 0.019898
0 0.407956 0.457653 0.012915 0.015306
