0 0.606006 0.453755 0.017547 0.015597
0 0.646460 0.451156 0.012673 0.027728
0 0.659620 0.457221 0.017547 0.029461
0 0.702512 0.452889 0.021446 0.034660
0 0.741504 0.451156 0.029244 0.034660
0 0.822900 0.447690 0.059463 0.051990
0 0.887238 0.426027 0.069211 0.050257
0 0.957424 0.445957 0.084808 0.128241
0 0.547030 0.457221 0.004874 0.025995
0 0.540206 0.458954 0.014622 0.032927
0 0.528021 0.464153 0.021446 0.036393
0 0.508525 0.478017 0.033143 0.053723
0 0.451021 0.473107 0.040942 0.065854
2 0.212681 0.434114 0.422092 0.864763
0 0.562162 0.463517 0.018247 0.026201
