0 0.502482 0.668070 0.030406 0.022177
0 0.679851 0.670149 0.018711 0.018018
0 0.654902 0.671535 0.017152 0.020791
0 0.764442 0.668763 0.063151 0.042967
0 0.803814 0.686781 0.023389 0.029107
0 0.825255 0.687474 0.025728 0.022177
0 0.857220 0.692325 0.031965 0.018018
0 0.919202 0.693711 0.021830 0.026335
0 0.941812 0.692325 0.021830 0.020791
0 0.956625 0.693018 0.018711 0.024949
0 0.982353 0.692325 0.032745 0.029107
0 0.563544 0.654931 0.052341 0.047288
0 0.730435 0.678575 0.027458 0.024407
0 0.703836 0.676287 0.020593 0.022881
