0 0.134070 0.523220 0.034322 0.035085
0 0.155951 0.526271 0.014587 0.028983
0 0.102323 0.520169 0.025742 0.038136
2 0.046120 0.507203 0.090095 0.073220
2 0.410792 0.511780 0.103824 0.079322
0 0.675715 0.526652 0.011155 0.019831
0 0.671425 0.526652 0.009439 0.016780
0 0.664131 0.526652 0.010297 0.019831
0 0.653835 0.531991 0.022309 0.036610
0 0.641393 0.531991 0.011155 0.024407
0 0.625519 0.538093 0.027458 0.039661
0 0.683866 0.532754 0.010297 0.016780
0 0.724624 0.531991 0.066070 0.039661
0 0.738782 0.535042 0.102966 0.033559
0 0.733633 0.546483 0.099534 0.044237
0 0.833167 0.565551 0.200784 0.122034
0 0.950506 0.541907 0.060922 0.077797
0 0.983112 0.546483 0.031748 0.062542
