0 0.216741 0.513526 0.081083 0.095637
0 0.374620 0.518378 0.077185 0.110883
0 0.311079 0.483727 0.023389 0.024949
0 0.046389 0.494815 0.053796 0.036037
0 0.253385 0.480955 0.014034 0.049897
0 0.274435 0.494122 0.038982 0.054055
0 0.343434 0.483727 0.031965 0.058214
0 0.348112 0.444918 0.011695 0.011088
0 0.321994 0.467094 0.010915 0.016632
0 0.325502 0.453234 0.008576 0.011088
0 0.332519 0.446304 0.011695 0.013860
0 0.318875 0.443532 0.009356 0.019405
2 0.215962 0.445611 0.031186 0.045739
2 0.311858 0.378388 0.007796 0.019405
2 0.700901 0.304928 0.138777 0.210678
0 0.428415 0.468480 0.041321 0.027721
