0 0.406175 0.550564 0.009064 0.012533
0 0.391572 0.548773 0.008057 0.016114
0 0.379990 0.550564 0.007050 0.016114
0 0.346754 0.563097 0.011078 0.026857
0 0.367904 0.573840 0.033235 0.041180
2 0.427828 0.555935 0.028200 0.044761
2 0.466099 0.554145 0.044314 0.109218
0 0.502356 0.566678 0.024171 0.051923
2 0.542137 0.569364 0.051364 0.057294
2 0.658964 0.570259 0.063449 0.037599
0 0.704285 0.583687 0.067478 0.032228
0 0.879526 0.633820 0.236675 0.214854
0 0.701264 0.689324 0.250775 0.211273
0 0.230935 0.563992 0.029207 0.042971
0 0.202231 0.572944 0.016114 0.035809
0 0.176046 0.573840 0.034242 0.055504
0 0.144322 0.581897 0.039278 0.057294
0 0.085908 0.578316 0.073520 0.082361
2 0.022056 0.529974 0.044112 0.214854
0 0.290355 0.597116 0.107763 0.141446
