0 0.527607 0.477187 0.042715 0.065625
0 0.476850 0.451640 0.027158 0.046406
0 0.427675 0.462187 0.018457 0.034687
0 0.819682 0.543281 0.310752 0.351562
0 0.584033 0.499453 0.076465 0.119531
0 0.644545 0.524062 0.125244 0.159375
0 0.481596 0.465703 0.029795 0.047344
0 0.448769 0.454218 0.018457 0.027187
0 0.373623 0.465000 0.031641 0.043125
0 0.391421 0.457265 0.014502 0.021094
3 0.199731 0.506015 0.046143 0.053906
3 0.181274 0.733593 0.006592 0.023437
3 0.256289 0.489843 0.039551 0.046875
0 0.557138 0.468281 0.013184 0.028125
