0 0.473909 0.246101 0.008002 0.009958
0 0.491233 0.241834 0.007202 0.008535
0 0.483632 0.248235 0.008002 0.015648
0 0.498435 0.242545 0.010402 0.012803
0 0.498035 0.250369 0.009602 0.017071
0 0.509238 0.245390 0.009602 0.012803
0 0.516039 0.249658 0.013603 0.015648
0 0.544846 0.241122 0.015204 0.021338
0 0.464427 0.244679 0.011203 0.017071
0 0.460426 0.252503 0.008002 0.012803
0 0.454425 0.252503 0.010402 0.015648
0 0.436021 0.258904 0.008802 0.017071
0 0.427219 0.260632 0.016804 0.024996
0 0.414016 0.263883 0.022405 0.029874
0 0.397212 0.265306 0.016004 0.024183
0 0.385609 0.267440 0.012003 0.034141
0 0.374406 0.270996 0.023205 0.041254
0 0.344800 0.275975 0.042410 0.051212
0 0.322394 0.281665 0.013603 0.039831
0 0.307991 0.277397 0.023205 0.042677
0 0.278384 0.288778 0.058413 0.068282
0 0.229973 0.298736 0.041610 0.051212
0 0.202767 0.300869 0.020805 0.061170
2 0.098743 0.287355 0.196845 0.221918
1 0.710764 0.184220 0.224852 0.364173
