0 0.053406 0.395156 0.106811 0.168750
0 0.975337 0.408881 0.048338 0.108111
0 0.114998 0.371458 0.021050 0.024949
0 0.135268 0.369379 0.021050 0.026335
0 0.162166 0.367993 0.018711 0.029107
0 0.336807 0.354825 0.040542 0.038809
0 0.299774 0.349281 0.030406 0.049897
0 0.325892 0.331956 0.017152 0.009702
0 0.358247 0.352053 0.011695 0.030493
0 0.373450 0.341658 0.020271 0.026335
0 0.401907 0.331956 0.016373 0.004158
0 0.413992 0.332649 0.015593 0.011088
0 0.427636 0.340965 0.014813 0.033265
0 0.456093 0.336807 0.010915 0.016632
0 0.467787 0.336114 0.010915 0.012474
0 0.498973 0.331956 0.026508 0.012474
0 0.533278 0.352053 0.014034 0.041581
0 0.522752 0.345123 0.011695 0.022177
0 0.640089 0.362449 0.015593 0.045739
0 0.652953 0.360369 0.013254 0.033265
0 0.680241 0.362449 0.033525 0.042967
0 0.713765 0.364528 0.035084 0.058214
0 0.747290 0.370072 0.055355 0.072074
0 0.949608 0.372151 0.059253 0.062372
2 0.585124 0.316016 0.105252 0.205133
0 0.401907 0.376309 0.060033 0.081776
0 0.490007 0.398485 0.086541 0.123357
0 0.482990 0.327798 0.013254 0.012474
