0 0.399184 0.390790 0.008773 0.015597
0 0.372377 0.393389 0.013647 0.017330
0 0.360191 0.389923 0.010723 0.020796
0 0.337284 0.398588 0.015597 0.013864
0 0.316813 0.406387 0.009748 0.019063
0 0.429403 0.398588 0.020471 0.027728
0 0.451823 0.402054 0.022421 0.034660
0 0.469370 0.399455 0.012673 0.043325
0 0.477168 0.401188 0.012673 0.050257
0 0.270997 0.411586 0.023395 0.022529
0 0.246626 0.413319 0.021446 0.025995
0 0.230542 0.419384 0.024370 0.031194
0 0.185213 0.419384 0.017547 0.055456
0 0.059951 0.450578 0.049715 0.045058
2 0.130137 0.414618 0.098456 0.114377
0 0.500076 0.403960 0.046791 0.071053
0 0.929510 0.460812 0.138798 0.434366
