0 0.332535 0.466350 0.009883 0.038069
0 0.323064 0.464886 0.018943 0.055640
0 0.300488 0.464781 0.037063 0.058568
0 0.282780 0.477227 0.039534 0.083460
0 0.215655 0.477959 0.122719 0.166920
0 0.101446 0.539561 0.202893 0.265022
0 0.027874 0.632538 0.053535 0.286985
0 0.365892 0.466350 0.009060 0.017570
0 0.370422 0.471475 0.008236 0.027820
0 0.406249 0.473671 0.007413 0.026356
0 0.418603 0.477332 0.012354 0.030748
0 0.446606 0.470743 0.048593 0.084924
0 0.477080 0.454637 0.014001 0.046855
0 0.529792 0.468546 0.071655 0.115672
0 0.555735 0.502223 0.060948 0.080531
0 0.580032 0.515401 0.068360 0.095174
0 0.663629 0.519062 0.141662 0.166920
0 0.805291 0.557131 0.232260 0.210846
0 0.942835 0.618089 0.112012 0.262059
0 0.349085 0.467814 0.032121 0.042462
0 0.387795 0.471475 0.032121 0.052711
