0 0.451408 0.599538 0.171289 0.282015
0 0.817483 0.709274 0.362866 0.419491
0 0.948809 0.509444 0.093528 0.129661
0 0.099339 0.576562 0.198210 0.129661
0 0.199731 0.549867 0.134714 0.088475
0 0.262369 0.533088 0.103824 0.067119
0 0.315997 0.518596 0.053199 0.025932
0 0.541664 0.526986 0.041186 0.051864
0 0.587999 0.521647 0.034322 0.038136
0 0.693968 0.535376 0.090095 0.099153
0 0.761325 0.500291 0.061780 0.041186
0 0.653640 0.536139 0.042044 0.054915
0 0.629614 0.522410 0.016303 0.045763
2 0.642485 0.504867 0.069502 0.071695
0 0.570409 0.519359 0.007722 0.036610
0 0.520642 0.523935 0.014587 0.030508
