0 0.418314 0.413504 0.014350 0.027638
0 0.401811 0.412441 0.019134 0.025512
0 0.388059 0.411378 0.017938 0.031890
0 0.370719 0.416693 0.023917 0.034016
0 0.355770 0.423071 0.022721 0.029764
0 0.340822 0.430512 0.026309 0.031890
0 0.320492 0.429449 0.023917 0.034016
0 0.295977 0.427323 0.039464 0.059528
0 0.265482 0.437953 0.033484 0.059528
0 0.227813 0.442205 0.044247 0.068032
0 0.185359 0.460276 0.069360 0.070157
0 0.117195 0.468780 0.095669 0.095669
0 0.042453 0.486851 0.084907 0.127559
0 0.530367 0.429449 0.017938 0.051024
0 0.550457 0.434764 0.027505 0.061654
0 0.745982 0.428386 0.162638 0.155197
0 0.853610 0.469843 0.217648 0.178583
0 0.609055 0.442205 0.113607 0.127559
0 0.481934 0.462402 0.093278 0.142441
0 0.955258 0.522992 0.086102 0.165827
