0 0.030398 0.410574 0.060796 0.043505
0 0.125033 0.414426 0.042060 0.025831
0 0.266890 0.406269 0.015295 0.012236
0 0.282185 0.405589 0.013765 0.010876
0 0.302068 0.406269 0.015295 0.012236
0 0.344510 0.402870 0.011471 0.008157
0 0.362099 0.401511 0.009941 0.008157
0 0.429777 0.400831 0.009177 0.012236
0 0.419836 0.410347 0.012236 0.023112
0 0.406835 0.414426 0.018353 0.033988
0 0.371658 0.416465 0.015295 0.032628
0 0.459219 0.406269 0.005353 0.017674
0 0.445072 0.423943 0.035177 0.055740
0 0.386570 0.424622 0.035942 0.048943
0 0.203842 0.469942 0.171299 0.176478
0 0.593089 0.450099 0.079532 0.096526
0 0.880967 0.282100 0.032119 0.025831
