0 0.269534 0.642073 0.098456 0.133440
0 0.596582 0.607414 0.134523 0.164634
0 0.522497 0.584018 0.058488 0.079718
0 0.490328 0.582285 0.046791 0.065854
0 0.481068 0.564089 0.045816 0.071053
0 0.456697 0.564955 0.018521 0.045058
0 0.433789 0.551091 0.021446 0.045058
0 0.419167 0.551091 0.007798 0.013864
0 0.411856 0.550225 0.006824 0.015597
0 0.322661 0.600482 0.042892 0.077985
0 0.338258 0.578819 0.029244 0.048524
0 0.351418 0.572754 0.018521 0.039859
0 0.364578 0.564089 0.015597 0.029461
0 0.374814 0.554557 0.018521 0.020796
0 0.391873 0.551091 0.013647 0.027728
