0 0.016572 0.448845 0.033143 0.058922
0 0.030219 0.441913 0.033143 0.045058
0 0.053614 0.435847 0.009748 0.032927
0 0.063850 0.427182 0.014622 0.029461
0 0.077985 0.419384 0.013647 0.027728
0 0.141347 0.438447 0.013647 0.038126
0 0.132086 0.420250 0.018521 0.032927
0 0.118439 0.423716 0.016572 0.022529
0 0.392360 0.441913 0.014622 0.038126
0 0.351329 0.455777 0.016750 0.041592
0 0.331922 0.447112 0.032169 0.062388
0 0.376276 0.448845 0.023395 0.038126
0 0.301703 0.461842 0.047766 0.067587
2 0.458160 0.383858 0.116977 0.320603
