0 0.542468 0.370787 0.018921 0.033638
0 0.548144 0.373030 0.020183 0.029153
0 0.556343 0.377515 0.018921 0.033638
0 0.562650 0.379757 0.023967 0.033638
0 0.572111 0.387606 0.020183 0.049336
0 0.581572 0.386485 0.029013 0.060548
0 0.587879 0.398819 0.031535 0.071761
0 0.620676 0.399940 0.069378 0.100914
0 0.509671 0.370787 0.013876 0.020183
0 0.503364 0.374151 0.013876 0.026910
0 0.495164 0.374151 0.027751 0.035880
0 0.471197 0.388727 0.042888 0.047093
0 0.428309 0.407789 0.063071 0.080731
0 0.685008 0.421244 0.109743 0.148007
0 0.526700 0.374151 0.017660 0.031395
0 0.979549 0.438063 0.037843 0.141279
