0 0.401133 0.515565 0.020471 0.039859
0 0.406495 0.519031 0.013647 0.039859
0 0.454748 0.525963 0.047766 0.071053
0 0.386511 0.510366 0.014622 0.019063
0 0.371889 0.506034 0.014622 0.024262
0 0.356780 0.512099 0.007798 0.022529
0 0.349469 0.511233 0.006824 0.017330
0 0.340695 0.511233 0.010723 0.017330
0 0.325098 0.516432 0.016572 0.027728
0 0.312426 0.519031 0.014622 0.025995
0 0.293905 0.525963 0.030219 0.032927
0 0.237853 0.527696 0.027295 0.036393
0 0.216407 0.532895 0.027295 0.039859
0 0.195449 0.536361 0.028269 0.036393
0 0.167667 0.536361 0.040942 0.050257
0 0.136961 0.542426 0.043866 0.058922
0 0.084321 0.550225 0.071161 0.071053
