0 0.938428 0.840461 0.119101 0.294407
0 0.786208 0.707749 0.396419 0.373729
0 0.605589 0.571986 0.155307 0.193729
0 0.527506 0.552918 0.066070 0.115932
0 0.493613 0.545291 0.039470 0.061017
0 0.499190 0.514020 0.045477 0.068644
0 0.453714 0.531562 0.038612 0.048814
0 0.449424 0.504867 0.019735 0.010678
0 0.436982 0.499529 0.022309 0.012203
0 0.320716 0.525461 0.054057 0.051864
0 0.349032 0.521647 0.016303 0.047288
0 0.361044 0.510206 0.023167 0.030508
0 0.368767 0.506393 0.021451 0.038136
0 0.379492 0.511732 0.008581 0.027458
0 0.390769 0.505630 0.017405 0.027458
0 0.412956 0.506056 0.017161 0.025257
