0 0.423773 0.351541 0.010531 0.012481
0 0.416752 0.356741 0.012871 0.018721
0 0.402711 0.358822 0.008190 0.022881
0 0.393936 0.359862 0.011701 0.020801
0 0.381650 0.360902 0.012871 0.018721
0 0.361759 0.361942 0.010531 0.020801
0 0.368779 0.361942 0.012871 0.024961
0 0.350058 0.362982 0.017551 0.031202
0 0.321391 0.359862 0.016381 0.029122
0 0.309691 0.359862 0.023401 0.029122
0 0.226616 0.366102 0.042123 0.054083
0 0.271078 0.366102 0.053823 0.074884
0 0.201459 0.354661 0.017551 0.022881
0 0.184493 0.353621 0.011701 0.024961
0 0.128330 0.384823 0.131048 0.124807
0 0.572372 0.404584 0.113497 0.180971
