0 0.102265 0.404800 0.127403 0.067646
0 0.133801 0.390039 0.089561 0.082973
0 0.218316 0.401251 0.034058 0.029153
0 0.253005 0.395428 0.063071 0.035446
0 0.297154 0.381069 0.030274 0.033638
0 0.309138 0.387796 0.023967 0.029153
0 0.317968 0.391160 0.044150 0.040365
0 0.338781 0.374341 0.022706 0.029153
0 0.356441 0.368735 0.017660 0.017940
0 0.374732 0.367614 0.021444 0.024668
0 0.353918 0.383311 0.025228 0.038123
2 0.393022 0.361687 0.030274 0.053821
1 0.028742 0.412464 0.057485 0.069518
0 0.435910 0.359444 0.012614 0.017940
0 0.446633 0.358323 0.011353 0.015698
0 0.456093 0.358323 0.010091 0.020183
0 0.470600 0.371778 0.026490 0.047093
0 0.605571 0.358323 0.016398 0.029153
0 0.593588 0.352717 0.012614 0.022425
0 0.574667 0.349353 0.015137 0.015698
0 0.565206 0.348232 0.011353 0.017940
0 0.726037 0.363929 0.055502 0.067276
0 0.759465 0.369536 0.054241 0.056063
0 0.424558 0.377705 0.032797 0.049336
0 0.422666 0.348552 0.018921 0.013455
0 0.523039 0.430404 0.109743 0.159219
1 0.650352 0.338301 0.080731 0.118533
0 0.812444 0.365852 0.079469 0.085216
0 0.963905 0.376584 0.070639 0.100914
