0 0.402529 0.447520 0.035876 0.061654
0 0.583702 0.436890 0.015546 0.019134
0 0.512548 0.435827 0.016742 0.017008
0 0.501786 0.435827 0.016742 0.021260
0 0.494610 0.435827 0.016742 0.017008
0 0.482652 0.432638 0.016742 0.027638
0 0.477868 0.437953 0.011959 0.021260
0 0.947605 0.448583 0.102845 0.085039
0 0.342377 0.482599 0.111216 0.131811
0 0.612762 0.452480 0.044008 0.054567
0 0.566602 0.443268 0.028701 0.040394
0 0.524746 0.437953 0.023917 0.042520
0 0.819647 0.510236 0.196122 0.187087
0 0.069442 0.510024 0.138885 0.159449
0 0.592552 0.453189 0.017938 0.040394
0 0.468421 0.440929 0.020330 0.025512
