0 0.635555 0.478429 0.010531 0.024961
0 0.664222 0.477389 0.016381 0.022881
0 0.625610 0.488829 0.016381 0.020801
0 0.686453 0.516911 0.011701 0.014561
0 0.670072 0.510671 0.011701 0.014561
0 0.658372 0.505470 0.011701 0.020801
0 0.644331 0.508590 0.016381 0.018721
0 0.627950 0.509631 0.016381 0.020801
0 0.613909 0.512751 0.014041 0.018721
0 0.703419 0.530432 0.019891 0.029122
0 0.684113 0.528352 0.016381 0.016641
0 0.669487 0.521071 0.015211 0.018721
0 0.650181 0.521071 0.018721 0.010401
0 0.605719 0.547073 0.023401 0.045763
0 0.617419 0.557473 0.025742 0.058243
0 0.691719 0.551233 0.024571 0.041602
0 0.799950 0.557473 0.021061 0.041602
0 0.787664 0.564754 0.015211 0.022881
0 0.814576 0.566834 0.033932 0.043683
0 0.850263 0.569954 0.044463 0.049923
0 0.589923 0.537712 0.012871 0.022881
0 0.568276 0.533552 0.028082 0.031202
0 0.499827 0.557473 0.031592 0.083205
0 0.454779 0.561634 0.086585 0.099846
0 0.650766 0.572034 0.071374 0.095686
0 0.745542 0.556433 0.040952 0.043683
0 0.084056 0.687481 0.168112 0.384823
0 0.987161 0.603236 0.023401 0.074884
