0 0.133549 0.487837 0.263198 0.466175
0 0.863680 0.446245 0.270997 0.556290
0 0.277333 0.443646 0.184239 0.225289
0 0.385537 0.358729 0.096506 0.107445
0 0.425016 0.336200 0.066287 0.097048
0 0.567826 0.303274 0.016572 0.031194
0 0.491791 0.311939 0.012673 0.034660
0 0.496177 0.305007 0.019496 0.034660
0 0.508362 0.302407 0.010723 0.015597
0 0.555640 0.299808 0.009748 0.024262
0 0.550766 0.296342 0.009748 0.017330
0 0.517623 0.298941 0.007798 0.019063
0 0.478143 0.314538 0.028269 0.043325
0 0.601944 0.318004 0.051665 0.074519
