0 0.949659 0.587399 0.029038 0.021900
1 0.391787 0.556895 0.015839 0.023465
0 0.371988 0.563152 0.021998 0.014079
0 0.350430 0.560805 0.017598 0.014079
0 0.331512 0.562370 0.018478 0.017207
0 0.306874 0.555330 0.029038 0.034415
0 0.287955 0.559241 0.010559 0.026593
0 0.264197 0.560023 0.010559 0.015643
0 0.245719 0.559241 0.026398 0.029722
0 0.216242 0.559241 0.032557 0.032851
0 0.182364 0.558459 0.042236 0.037543
0 0.134848 0.559241 0.031677 0.020336
0 0.090412 0.556112 0.036077 0.029722
0 0.071054 0.549073 0.021998 0.025029
0 0.047736 0.552984 0.038717 0.032851
0 0.013859 0.553766 0.025518 0.034415
0 0.485498 0.573320 0.013199 0.020336
0 0.498257 0.560023 0.015839 0.018772
0 0.518056 0.567845 0.013199 0.015643
0 0.527295 0.569409 0.014079 0.018772
0 0.732317 0.614774 0.043996 0.093859
0 0.500897 0.587399 0.028158 0.039108
0 0.446782 0.606953 0.085353 0.131402
0 0.625846 0.571756 0.177745 0.305041
