0 0.132143 0.507579 0.034680 0.017008
2 0.029299 0.483130 0.058597 0.076535
0 0.049874 0.574071 0.099749 0.105347
0 0.587768 0.584114 0.013155 0.014882
0 0.575212 0.576673 0.011959 0.008504
0 0.577604 0.596870 0.011959 0.027638
0 0.531563 0.588366 0.013155 0.019134
2 0.514223 0.579862 0.028701 0.053150
0 0.510635 0.592618 0.019134 0.040394
0 0.498676 0.590492 0.016742 0.048898
0 0.480738 0.587303 0.026309 0.063780
0 0.452635 0.587303 0.044247 0.076535
0 0.421543 0.591555 0.044247 0.080787
0 0.365337 0.601122 0.080123 0.116929
0 0.297173 0.603248 0.080123 0.146693
0 0.140514 0.660650 0.281029 0.295512
2 0.603913 0.577736 0.021526 0.044646
0 0.551892 0.596870 0.041855 0.057402
0 0.650551 0.590652 0.064577 0.044327
0 0.696293 0.593681 0.031093 0.068032
0 0.699283 0.600059 0.017938 0.063780
0 0.723200 0.601122 0.049031 0.082913
0 0.738747 0.610689 0.039464 0.089291
0 0.795550 0.613878 0.105236 0.138189
0 0.899650 0.672024 0.197318 0.225780
