0 0.151341 0.569436 0.025710 0.026119
2 0.099920 0.524174 0.078968 0.046598
0 0.275761 0.541314 0.092741 0.128070
0 0.073291 0.626570 0.145080 0.218742
0 0.222517 0.673912 0.236903 0.279141
3 0.605147 0.623416 0.033974 0.031016
0 0.645056 0.608071 0.052339 0.070193
0 0.689131 0.612852 0.085395 0.066695
0 0.760884 0.610287 0.043157 0.071826
0 0.787053 0.613552 0.058767 0.078356
0 0.858675 0.607838 0.029383 0.066929
0 0.887599 0.613552 0.056012 0.065296
0 0.905964 0.575190 0.037647 0.024486
0 0.953707 0.606439 0.074377 0.086518
0 0.989058 0.603990 0.016528 0.052237
0 0.991228 0.683162 0.014692 0.128960
0 0.942562 0.627660 0.078049 0.093047
1 0.349386 0.555834 0.082641 0.184462
