0 0.466849 0.554434 0.015761 0.020377
0 0.480460 0.564623 0.014328 0.025472
0 0.492639 0.568019 0.015761 0.030566
0 0.504818 0.573114 0.022925 0.040755
0 0.513414 0.575661 0.022925 0.045849
0 0.528459 0.579482 0.032954 0.068774
0 0.553532 0.583302 0.065908 0.091698
0 0.563562 0.593491 0.051580 0.091698
0 0.617291 0.598585 0.098862 0.132453
0 0.438910 0.552736 0.014328 0.020377
0 0.432462 0.560378 0.015761 0.025472
0 0.425298 0.566746 0.018626 0.022925
0 0.412403 0.569293 0.021492 0.033113
0 0.391628 0.569293 0.028656 0.038208
0 0.365121 0.576934 0.032954 0.048396
0 0.340047 0.580755 0.037252 0.066226
0 0.126563 0.604953 0.146144 0.180849
0 0.241185 0.613868 0.180531 0.203774
0 0.677468 0.626604 0.144711 0.157925
0 0.451805 0.554010 0.022925 0.017830
