0 0.232989 0.612969 0.165281 0.177932
0 0.323894 0.600726 0.034893 0.045707
0 0.531321 0.576239 0.052339 0.068561
0 0.645515 0.577056 0.022956 0.042443
0 0.618427 0.570526 0.025710 0.026119
0 0.674898 0.565629 0.015610 0.019589
0 0.679948 0.580320 0.022037 0.039178
0 0.692344 0.586850 0.035811 0.048972
0 0.719616 0.601052 0.030302 0.048972
0 0.775536 0.615172 0.079702 0.105617
0 0.806205 0.626028 0.091823 0.117533
0 0.889763 0.652146 0.147835 0.182830
0 0.093117 0.665885 0.186233 0.182556
0 0.943147 0.702288 0.112024 0.298351
0 0.451527 0.620314 0.099169 0.124063
0 0.563092 0.646596 0.129470 0.194256
0 0.635991 0.600824 0.044108 0.065699
