0 0.309996 0.527812 0.026367 0.042187
0 0.378550 0.532500 0.029004 0.051562
0 0.437876 0.512578 0.015820 0.025781
0 0.603330 0.551250 0.035596 0.060937
0 0.629697 0.562968 0.061963 0.084375
0 0.669907 0.579375 0.094922 0.093750
0 0.731211 0.608671 0.106787 0.100781
0 0.847227 0.664921 0.180615 0.194531
1 0.487974 0.516093 0.010547 0.028125
0 0.458970 0.514922 0.013184 0.025781
0 0.424034 0.525468 0.025049 0.037500
0 0.560484 0.562968 0.076465 0.135937
0 0.339659 0.540703 0.064600 0.100781
0 0.020525 0.548906 0.041050 0.126562
0 0.953354 0.705937 0.092285 0.248437
