0 0.447414 0.436899 0.013335 0.013725
0 0.530828 0.458110 0.061322 0.076109
0 0.660067 0.479736 0.047022 0.073614
0 0.040565 0.460397 0.080008 0.037431
0 0.399689 0.433156 0.009124 0.013725
0 0.413375 0.434404 0.008422 0.011229
0 0.431622 0.433156 0.018247 0.018715
0 0.377231 0.435651 0.020353 0.013725
0 0.351263 0.437523 0.014738 0.014972
0 0.238738 0.445633 0.034389 0.023706
0 0.148436 0.456238 0.075095 0.037431
0 0.277455 0.443138 0.025266 0.018715
0 0.299211 0.441266 0.015440 0.022458
0 0.322372 0.441890 0.028073 0.021211
