0 0.353946 0.388723 0.010531 0.021841
0 0.337565 0.387683 0.021061 0.032242
0 0.319429 0.392363 0.015211 0.027042
0 0.303925 0.398604 0.021646 0.033282
0 0.274089 0.398084 0.038027 0.044723
0 0.240742 0.401204 0.040367 0.067604
0 0.201252 0.404844 0.066694 0.076965
0 0.149476 0.420445 0.071959 0.083205
0 0.088925 0.423565 0.081905 0.104006
0 0.456035 0.377542 0.008776 0.018721
0 0.447259 0.390023 0.009946 0.037442
0 0.463932 0.381183 0.009361 0.023921
0 0.479436 0.380143 0.023986 0.044723
0 0.491429 0.384823 0.017551 0.047843
0 0.496694 0.393143 0.014041 0.039522
0 0.511613 0.392103 0.034517 0.056163
0 0.517171 0.403024 0.012871 0.046803
0 0.538232 0.397304 0.036272 0.085285
0 0.581817 0.396783 0.089510 0.121687
0 0.042708 0.446446 0.085415 0.133128
0 0.881261 0.509853 0.235184 0.330294
0 0.402601 0.407011 0.086000 0.141448
0 0.670060 0.433012 0.140408 0.141448
