0 0.035831 0.608265 0.071251 0.220183
0 0.068621 0.521977 0.114289 0.072261
0 0.104008 0.507100 0.054036 0.064610
0 0.168803 0.514326 0.043038 0.026354
0 0.303096 0.520277 0.075396 0.053275
0 0.446236 0.522686 0.023432 0.036555
0 0.394352 0.501008 0.032517 0.022103
0 0.366617 0.535863 0.059296 0.068010
0 0.550164 0.537138 0.019606 0.043356
0 0.409814 0.545477 0.063122 0.082462
0 0.502536 0.562868 0.109507 0.158974
0 0.623759 0.562443 0.090857 0.103715
0 0.421017 0.419476 0.024866 0.008501
0 0.401889 0.419476 0.016259 0.013602
0 0.370329 0.421177 0.015302 0.005101
0 0.150222 0.412675 0.034430 0.015302
0 0.106706 0.410975 0.045907 0.017003
0 0.509109 0.425035 0.020384 0.011845
0 0.246625 0.530238 0.038686 0.027732
