0 0.582187 0.693080 0.021094 0.035625
0 0.513105 0.693080 0.022148 0.035625
0 0.623320 0.682768 0.021094 0.060000
0 0.409746 0.699643 0.026367 0.056250
0 0.442969 0.698705 0.021094 0.031875
0 0.383906 0.708080 0.033750 0.050625
0 0.352793 0.712768 0.053789 0.067500
0 0.306914 0.708080 0.031641 0.069375
0 0.281074 0.695893 0.034805 0.045000
0 0.252070 0.697768 0.029531 0.048750
0 0.224648 0.724018 0.050625 0.045000
0 0.189316 0.669643 0.028477 0.018750
0 0.199336 0.695893 0.069609 0.045000
0 0.150820 0.674330 0.040078 0.024375
0 0.113906 0.673393 0.037969 0.026250
0 0.147656 0.709018 0.065391 0.067500
0 0.018075 0.660375 0.035859 0.022500
0 0.022748 0.691312 0.045497 0.061875
0 0.273309 0.724125 0.050625 0.067500
0 0.656160 0.694125 0.054844 0.090000
0 0.548582 0.703500 0.054844 0.082500
0 0.478973 0.691312 0.046406 0.058125
0 0.905976 0.720000 0.145547 0.101250
0 0.864843 0.769687 0.217266 0.136875
0 0.981914 0.725625 0.033750 0.086250
