0 0.132154 0.475370 0.263184 0.496580
0 0.256026 0.504066 0.025266 0.074861
0 0.294275 0.513424 0.079306 0.091081
0 0.346561 0.504690 0.032284 0.071118
0 0.361300 0.497828 0.028073 0.057394
0 0.378494 0.494709 0.009124 0.031192
0 0.423762 0.487223 0.015440 0.018715
0 0.410427 0.489094 0.011229 0.014972
0 0.520965 0.481608 0.016142 0.024954
0 0.545178 0.477865 0.026669 0.027449
0 0.562723 0.484727 0.018247 0.036183
0 0.582024 0.485975 0.030178 0.043669
0 0.495348 0.500947 0.050531 0.068623
0 0.636064 0.496580 0.051233 0.069871
0 0.595007 0.489718 0.032284 0.046164
0 0.971326 0.503443 0.056146 0.081100
