0 0.461607 0.649218 0.005273 0.023437
0 0.453037 0.652734 0.011865 0.021094
0 0.443809 0.659765 0.011865 0.021094
2 0.422715 0.651796 0.035596 0.055781
0 0.192002 0.651562 0.143701 0.154687
2 0.476768 0.653906 0.032959 0.070312
0 0.505772 0.672656 0.019775 0.028125
0 0.497202 0.644531 0.007910 0.023437
0 0.656724 0.667031 0.042187 0.035625
0 0.702207 0.651562 0.035596 0.028125
0 0.837998 0.651562 0.038232 0.042187
0 0.870298 0.652734 0.023730 0.039844
0 0.893369 0.649218 0.027686 0.032812
0 0.910508 0.652734 0.022412 0.039844
0 0.944126 0.657421 0.029004 0.025781
0 0.803062 0.652031 0.029004 0.032812
