0 0.921392 0.534000 0.155699 0.322932
0 0.702183 0.473298 0.091507 0.118975
0 0.670770 0.444161 0.094239 0.172392
0 0.393209 0.458903 0.036876 0.058273
0 0.421208 0.456475 0.019121 0.038849
1 0.431451 0.442878 0.028681 0.058273
0 0.452621 0.448948 0.013658 0.026709
0 0.462181 0.447977 0.008195 0.021853
0 0.471742 0.446763 0.013658 0.014568
0 0.482668 0.446763 0.008195 0.019424
0 0.499057 0.444335 0.013658 0.024281
0 0.546860 0.446763 0.013658 0.019424
0 0.565298 0.451619 0.009560 0.024281
0 0.577590 0.455261 0.017755 0.036421
0 0.581687 0.455261 0.015024 0.026709
0 0.600125 0.458903 0.035510 0.053417
0 0.621295 0.446763 0.017755 0.038849
0 0.535315 0.438803 0.005979 0.021260
