0 0.489707 0.629292 0.010763 0.008504
0 0.461007 0.636732 0.015546 0.014882
0 0.438883 0.633543 0.019134 0.025512
0 0.472367 0.629292 0.009567 0.012756
0 0.481336 0.634606 0.010763 0.023386
0 0.298967 0.652677 0.062185 0.080787
0 0.355172 0.663307 0.074144 0.085039
2 0.547109 0.620788 0.020330 0.021260
0 0.530367 0.637795 0.017938 0.029764
0 0.546511 0.644173 0.021526 0.029764
0 0.509439 0.634606 0.023917 0.048898
0 0.563253 0.659055 0.031093 0.042520
2 0.603243 0.637795 0.051566 0.076535
0 0.665927 0.704005 0.023576 0.092936
0 0.025028 0.726631 0.049031 0.295512
0 0.814043 0.700056 0.301358 0.399685
