0 0.578061 0.540693 0.007798 0.013864
0 0.583422 0.539827 0.008773 0.019063
0 0.590734 0.538094 0.007798 0.019063
0 0.600969 0.536361 0.014622 0.025995
0 0.615104 0.542426 0.013647 0.027728
0 0.629726 0.545892 0.021446 0.034660
0 0.644835 0.552824 0.039967 0.065854
0 0.534682 0.534628 0.008773 0.019063
0 0.566851 0.535494 0.012673 0.020796
0 0.526884 0.534628 0.008773 0.022529
0 0.516161 0.535494 0.016572 0.020796
0 0.500076 0.530295 0.017547 0.034660
0 0.483505 0.534628 0.019496 0.043325
0 0.469857 0.542426 0.023395 0.045058
0 0.451336 0.551958 0.027295 0.064121
0 0.425016 0.558890 0.040942 0.077985
0 0.367503 0.564955 0.077985 0.110911
0 0.550766 0.534628 0.019496 0.029461
0 0.778871 0.664602 0.282694 0.396855
