0 0.330409 0.424426 0.026629 0.022854
0 0.327655 0.454625 0.030302 0.031016
0 0.311126 0.501965 0.050503 0.066929
0 0.398358 0.421977 0.011937 0.031016
0 0.442656 0.445445 0.025237 0.035509
0 0.411672 0.464420 0.042239 0.066929
2 0.287239 0.422835 0.056930 0.084885
0 0.260610 0.500745 0.051421 0.068561
2 0.371257 0.431813 0.041320 0.060399
2 0.365288 0.510169 0.073458 0.093047
2 0.459866 0.409331 0.014692 0.022854
2 0.439205 0.410963 0.013773 0.022854
0 0.479607 0.501561 0.061521 0.089782
1 0.492463 0.410147 0.035811 0.073458
2 0.100003 0.479153 0.200007 0.243229
0 0.171542 0.554244 0.123043 0.115901
