0 0.064825 0.520764 0.129649 0.112644
0 0.890000 0.543293 0.218357 0.303274
0 0.201298 0.498235 0.110153 0.129974
0 0.330947 0.469641 0.065312 0.069320
0 0.561489 0.450578 0.056539 0.090116
0 0.501539 0.428915 0.022421 0.032927
0 0.132574 0.493036 0.050690 0.088383
0 0.254425 0.476573 0.033143 0.058922
0 0.271484 0.471374 0.024370 0.062388
0 0.291468 0.464442 0.021446 0.045058
0 0.755476 0.499102 0.154020 0.159435
0 0.689677 0.463575 0.096506 0.133440
0 0.637037 0.460109 0.047766 0.084917
0 0.613154 0.451444 0.042892 0.077985
0 0.594145 0.434114 0.020471 0.029461
0 0.363116 0.447112 0.018521 0.027728
0 0.376276 0.447978 0.017547 0.029461
0 0.389436 0.436714 0.012673 0.024262
0 0.399184 0.432381 0.014622 0.019063
0 0.409419 0.425449 0.011698 0.025995
0 0.422092 0.421117 0.011698 0.024262
0 0.535170 0.422850 0.009748 0.020796
0 0.527858 0.412452 0.008773 0.017330
0 0.520060 0.408120 0.008773 0.019063
0 0.439151 0.419384 0.012673 0.017330
0 0.458647 0.412452 0.010723 0.013864
0 0.449874 0.416785 0.006824 0.019063
0 0.482042 0.400321 0.008773 0.017330
