0 0.483936 0.430805 0.007198 0.025592
0 0.479138 0.436137 0.011996 0.040521
0 0.472540 0.437204 0.015595 0.038389
0 0.464142 0.443602 0.017995 0.051185
0 0.431752 0.427606 0.056383 0.108768
0 0.400561 0.463862 0.075578 0.117298
0 0.500731 0.418009 0.009597 0.008531
0 0.510928 0.416943 0.008398 0.019194
0 0.519326 0.424407 0.013196 0.017062
0 0.525324 0.431872 0.013196 0.014929
0 0.534921 0.436137 0.013196 0.027725
0 0.545718 0.443602 0.022793 0.034123
0 0.612298 0.463862 0.033590 0.083175
0 0.603109 0.455579 0.051968 0.086946
0 0.645888 0.471327 0.071979 0.123697
0 0.728664 0.495853 0.167950 0.194076
0 0.569712 0.444375 0.036914 0.070312
