0 0.906376 0.622144 0.185213 0.159435
0 0.764834 0.587484 0.187163 0.114377
0 0.673202 0.556290 0.101380 0.083184
0 0.643958 0.552824 0.072136 0.058922
0 0.611302 0.548492 0.026320 0.039859
0 0.596680 0.553691 0.014622 0.025995
0 0.587419 0.546759 0.029244 0.032927
0 0.571822 0.540693 0.021446 0.027728
0 0.557688 0.540693 0.014622 0.020796
0 0.550377 0.533761 0.009748 0.020796
0 0.539166 0.529429 0.012673 0.022529
0 0.527469 0.524230 0.010723 0.022529
0 0.491401 0.521631 0.012673 0.017330
0 0.139495 0.542426 0.075060 0.076252
0 0.272069 0.530295 0.045816 0.048524
0 0.308624 0.525963 0.031194 0.043325
0 0.342255 0.529429 0.036068 0.036393
0 0.064743 0.557456 0.113045 0.092447
0 0.229957 0.536361 0.055564 0.050257
0 0.370427 0.521631 0.017547 0.024262
0 0.388461 0.521631 0.016572 0.024262
0 0.401621 0.522497 0.007798 0.012131
0 0.409419 0.521631 0.007798 0.010398
0 0.504950 0.525096 0.013647 0.017330
0 0.517136 0.525963 0.010723 0.015597
0 0.454748 0.522497 0.010723 0.019063
0 0.441588 0.525096 0.013647 0.017330
0 0.425016 0.518165 0.017547 0.017330
0 0.475609 0.525963 0.016572 0.029461
0 0.789887 0.521631 0.096506 0.045058
