0 0.395285 0.393389 0.014622 0.017330
0 0.372864 0.395122 0.016572 0.024262
0 0.332897 0.395122 0.012673 0.020796
0 0.295854 0.402054 0.018521 0.027728
0 0.316813 0.402054 0.027295 0.031194
0 0.351906 0.402054 0.025345 0.038126
0 0.271484 0.404654 0.030219 0.043325
0 0.196911 0.411586 0.029244 0.036393
0 0.251988 0.423716 0.057514 0.057189
0 0.171566 0.422850 0.066287 0.055456
0 0.025345 0.456643 0.048740 0.126508
0 0.406982 0.393389 0.004874 0.013864
0 0.438176 0.396855 0.008773 0.013864
0 0.424529 0.393389 0.020471 0.027728
0 0.464983 0.392523 0.009748 0.025995
0 0.496177 0.392523 0.017547 0.029461
0 0.450361 0.402054 0.023395 0.027728
0 0.398696 0.441046 0.064337 0.077985
0 0.478631 0.413319 0.033143 0.043325
0 0.517623 0.401188 0.017547 0.025995
0 0.538094 0.404654 0.027295 0.043325
0 0.571237 0.423716 0.054589 0.074519
0 0.673592 0.506900 0.150120 0.164634
