0 0.492676 0.421722 0.012618 0.020393
0 0.469734 0.423761 0.008030 0.020393
0 0.460557 0.419683 0.010324 0.016314
0 0.457116 0.426820 0.012618 0.018353
0 0.441057 0.423761 0.021795 0.024471
0 0.391158 0.447213 0.029824 0.055060
0 0.374526 0.450272 0.026383 0.061178
0 0.346422 0.450272 0.041295 0.089728
0 0.306274 0.460468 0.071120 0.122356
0 0.256375 0.483920 0.092914 0.120317
0 0.154857 0.510430 0.162887 0.169260
0 0.585476 0.418663 0.016059 0.034668
0 0.605550 0.435997 0.051619 0.089728
0 0.687567 0.437017 0.135357 0.177417
0 0.613580 0.456390 0.019501 0.061178
2 0.546016 0.411526 0.068826 0.159063
0 0.481205 0.422742 0.012618 0.022432
0 0.429012 0.434977 0.027530 0.034668
0 0.049325 0.552032 0.096356 0.210045
0 0.971472 0.624426 0.056208 0.277341
