0 0.191893 0.572415 0.061460 0.055845
0 0.481712 0.562339 0.009560 0.019424
0 0.473517 0.564767 0.012292 0.024281
0 0.466688 0.570837 0.012292 0.026709
0 0.455762 0.572051 0.017755 0.029137
0 0.444153 0.576907 0.024584 0.033993
0 0.497418 0.562339 0.013658 0.014568
0 0.531563 0.562339 0.016389 0.019424
0 0.664727 0.625468 0.053266 0.101979
0 0.555874 0.569623 0.038242 0.063130
0 0.766068 0.669173 0.200770 0.228238
0 0.422710 0.580306 0.031413 0.038849
0 0.489633 0.569380 0.017755 0.021853
0 0.514900 0.569380 0.021853 0.031565
0 0.557240 0.581520 0.035510 0.046133
0 0.892198 0.707779 0.210331 0.531745
3 0.623139 0.662860 0.057363 0.152968
