0 0.080376 0.460663 0.011996 0.017062
0 0.082775 0.469194 0.011996 0.021327
0 0.097171 0.457464 0.026392 0.040521
0 0.101370 0.469194 0.025193 0.034123
0 0.114566 0.447867 0.015595 0.017062
0 0.115166 0.469194 0.021594 0.029858
0 0.134960 0.475592 0.034790 0.046919
0 0.159553 0.478791 0.021594 0.040521
0 0.180546 0.485189 0.037189 0.049052
0 0.212337 0.495853 0.062381 0.070379
0 0.050985 0.476658 0.063581 0.087441
0 0.016195 0.464929 0.013196 0.021327
0 0.007198 0.467061 0.014396 0.051185
0 0.559634 0.492654 0.017995 0.017062
0 0.562033 0.510782 0.015595 0.027725
0 0.547637 0.505450 0.022793 0.038389
0 0.607620 0.508649 0.025193 0.061848
0 0.624415 0.518246 0.010797 0.038389
0 0.630413 0.522512 0.017995 0.042654
0 0.643609 0.526777 0.032390 0.046919
0 0.656205 0.538507 0.021594 0.057583
0 0.664603 0.541706 0.028791 0.068246
0 0.700592 0.558767 0.083975 0.110900
0 0.587825 0.532109 0.047986 0.074644
2 0.445368 0.456398 0.187144 0.368957
0 0.535941 0.543839 0.017995 0.070379
