0 0.475976 0.421221 0.010091 0.015698
0 0.487328 0.426827 0.012614 0.017940
0 0.498681 0.424584 0.015137 0.031395
0 0.510034 0.422342 0.017660 0.044850
0 0.515710 0.425706 0.016398 0.033638
0 0.428042 0.418978 0.010091 0.020183
0 0.419212 0.417857 0.010091 0.017940
0 0.407859 0.417857 0.015137 0.017940
0 0.390830 0.414493 0.011353 0.015698
0 0.380738 0.412251 0.011353 0.015698
0 0.371278 0.410008 0.012614 0.015698
0 0.359294 0.411129 0.016398 0.022425
0 0.342896 0.408887 0.023967 0.026910
0 0.317667 0.408887 0.023967 0.044850
0 0.289916 0.397674 0.036581 0.058306
0 0.256489 0.408887 0.037843 0.053821
0 0.229999 0.414493 0.042888 0.060548
0 0.176388 0.416736 0.066855 0.074003
0 0.103857 0.412251 0.100914 0.105399
0 0.028802 0.412624 0.056764 0.121096
0 0.535262 0.423837 0.025228 0.031395
0 0.436241 0.417109 0.013876 0.022425
2 0.187111 0.364410 0.073162 0.078488
