0 0.457435 0.453278 0.012070 0.016093
0 0.444863 0.459536 0.017099 0.025033
0 0.467493 0.465795 0.016093 0.026821
0 0.375463 0.452384 0.019110 0.025033
0 0.346798 0.442550 0.022127 0.030397
0 0.326179 0.437185 0.017099 0.026821
2 0.229623 0.426457 0.053307 0.044702
0 0.202969 0.439868 0.050290 0.035762
0 0.098367 0.436291 0.070406 0.039338
0 0.418712 0.468477 0.041238 0.057219
0 0.118080 0.557809 0.236161 0.221579
2 0.505211 0.446126 0.029168 0.073311
2 0.470511 0.428245 0.014081 0.026821
2 0.620374 0.401424 0.193113 0.373709
