2 0.782399 0.296151 0.430586 0.587822
0 0.108043 0.376503 0.216085 0.241294
0 0.033743 0.541872 0.067486 0.301618
0 0.231881 0.382743 0.132218 0.158089
0 0.302670 0.364022 0.081905 0.104006
0 0.375215 0.353621 0.058504 0.062404
0 0.409732 0.345301 0.026912 0.058243
0 0.429038 0.342181 0.030422 0.043683
0 0.451269 0.333860 0.018721 0.043683
0 0.463555 0.330740 0.022231 0.037442
0 0.480521 0.324499 0.025742 0.033282
0 0.502167 0.309939 0.010531 0.020801
0 0.534929 0.326580 0.015211 0.029122
0 0.557161 0.325540 0.017551 0.031202
0 0.512113 0.296418 0.009361 0.022881
0 0.522058 0.297458 0.010531 0.020801
0 0.524984 0.314099 0.011701 0.024961
0 0.548385 0.294338 0.011701 0.022881
0 0.558331 0.302658 0.017551 0.022881
0 0.523814 0.274576 0.009361 0.016641
0 0.571786 0.323459 0.014041 0.035362
