0 0.073642 0.562175 0.147283 0.207551
0 0.310638 0.491633 0.048214 0.078367
0 0.365002 0.478469 0.035718 0.053265
0 0.339394 0.487653 0.042360 0.053265
0 0.456486 0.471428 0.011365 0.025714
0 0.492647 0.478775 0.029962 0.058775
2 0.650893 0.438061 0.149809 0.244286
0 0.259398 0.499723 0.083686 0.108367
0 0.402417 0.477918 0.017564 0.025714
0 0.438578 0.475163 0.019630 0.027551
0 0.467506 0.474245 0.019630 0.029388
0 0.512449 0.495393 0.059923 0.081866
0 0.787787 0.517041 0.088852 0.071633
2 0.565054 0.467755 0.042532 0.064898
