0 0.272665 0.403427 0.174184 0.213559
0 0.367480 0.395800 0.049767 0.115932
0 0.400086 0.382834 0.051483 0.077797
0 0.442988 0.367579 0.018877 0.038136
0 0.698258 0.403427 0.126133 0.122034
0 0.796076 0.446139 0.117553 0.122034
0 0.902725 0.487698 0.193562 0.185356
0 0.547241 0.366054 0.019735 0.022881
0 0.525361 0.351562 0.010297 0.018305
0 0.458433 0.359190 0.010297 0.018305
0 0.475594 0.347749 0.020593 0.013729
0 0.474307 0.386647 0.047193 0.067119
0 0.572125 0.391223 0.050625 0.073220
0 0.511121 0.353898 0.013729 0.018305
