0 0.501147 0.336907 0.012758 0.016495
0 0.515644 0.340000 0.013918 0.014433
0 0.474472 0.338969 0.019716 0.016495
0 0.448956 0.346186 0.012758 0.014433
0 0.369510 0.358557 0.018557 0.026804
0 0.339936 0.364742 0.042912 0.047423
0 0.273595 0.379175 0.061469 0.068041
0 0.428312 0.349278 0.022036 0.024742
0 0.399317 0.355464 0.026675 0.032990
0 0.533273 0.337938 0.016237 0.022680
0 0.547191 0.342062 0.016237 0.022680
0 0.558209 0.345155 0.012758 0.028866
0 0.575026 0.347217 0.034794 0.049485
0 0.605412 0.359588 0.048711 0.053608
0 0.822062 0.412371 0.213402 0.239175
0 0.982693 0.352577 0.031314 0.152577
