0 0.298130 0.445781 0.013184 0.037500
0 0.284947 0.445781 0.015820 0.042187
0 0.269126 0.443437 0.026367 0.051562
0 0.242759 0.446953 0.036914 0.063281
0 0.215733 0.450468 0.035596 0.060937
0 0.178819 0.456328 0.056689 0.072656
0 0.140586 0.465703 0.046143 0.077344
0 0.081260 0.469218 0.085693 0.112500
0 0.437876 0.443437 0.015820 0.032812
0 0.480723 0.448125 0.014502 0.032812
0 0.469517 0.446953 0.015820 0.035156
0 0.451719 0.449297 0.022412 0.044531
0 0.495884 0.450468 0.029004 0.046875
0 0.418101 0.452812 0.034277 0.051562
0 0.381187 0.449297 0.023730 0.039844
0 0.322520 0.468047 0.056689 0.077344
0 0.022503 0.469218 0.045005 0.140625
