0 0.244343 0.467908 0.014464 0.016531
0 0.237111 0.470663 0.010332 0.011020
0 0.220064 0.473418 0.011365 0.012857
0 0.202500 0.475255 0.013431 0.016531
0 0.193201 0.474337 0.011365 0.018367
0 0.170472 0.474337 0.011365 0.033061
0 0.128112 0.482602 0.019630 0.031224
0 0.109515 0.489031 0.017564 0.025714
2 0.149809 0.466760 0.036161 0.062908
2 0.072838 0.468367 0.060957 0.088163
0 0.029224 0.473353 0.058448 0.099184
0 0.271722 0.469745 0.010332 0.016531
0 0.262596 0.471122 0.015497 0.023878
0 0.278610 0.472041 0.010332 0.022041
0 0.289458 0.472041 0.017564 0.025714
0 0.301856 0.469286 0.011365 0.027551
0 0.311154 0.467449 0.025829 0.038571
0 0.320969 0.474796 0.012398 0.034898
0 0.330784 0.476633 0.023763 0.045918
0 0.332851 0.481224 0.019630 0.036735
0 0.344215 0.483979 0.023763 0.045918
0 0.373747 0.491786 0.056824 0.075306
0 0.414815 0.455510 0.034094 0.051429
0 0.444260 0.507857 0.117781 0.148775
0 0.789394 0.561562 0.418431 0.746326
