0 0.200941 0.594701 0.061460 0.084982
0 0.813495 0.659045 0.191210 0.087410
0 0.424246 0.605627 0.065558 0.077698
0 0.229162 0.579241 0.045992 0.077053
0 0.254889 0.559494 0.038242 0.072842
0 0.274693 0.549782 0.023218 0.043705
0 0.285619 0.544926 0.015024 0.033993
0 0.388736 0.570421 0.035510 0.055845
0 0.374395 0.544926 0.020487 0.029137
0 0.347763 0.549782 0.021853 0.019424
0 0.351860 0.527929 0.016389 0.019424
0 0.302692 0.544926 0.008195 0.024281
0 0.323178 0.536428 0.024584 0.041277
0 0.982169 0.718532 0.031413 0.152968
0 0.956219 0.661473 0.086044 0.087410
0 0.918660 0.639620 0.054631 0.029137
