0 0.638926 0.327422 0.025049 0.030469
0 0.646177 0.336797 0.031641 0.044531
0 0.665952 0.340312 0.039551 0.032812
0 0.688364 0.346172 0.042187 0.035156
0 0.722642 0.366093 0.052734 0.065625
0 0.876230 0.332109 0.027686 0.021094
0 0.812290 0.350859 0.031641 0.035156
0 0.901938 0.341484 0.063281 0.035156
0 0.547959 0.333281 0.009229 0.018750
0 0.538731 0.339140 0.014502 0.021094
0 0.526206 0.337969 0.018457 0.028125
0 0.499180 0.328594 0.019775 0.028125
0 0.461607 0.334453 0.026367 0.035156
0 0.402940 0.339140 0.022412 0.035156
0 0.345591 0.346172 0.015820 0.030469
0 0.247373 0.337969 0.030322 0.023437
0 0.224302 0.340312 0.034277 0.032812
0 0.202549 0.341484 0.038232 0.039844
0 0.182115 0.341484 0.042187 0.035156
0 0.164317 0.345000 0.043506 0.037500
0 0.143223 0.348515 0.046143 0.030469
0 0.116856 0.352031 0.056689 0.037500
0 0.086534 0.350859 0.054053 0.049219
0 0.046324 0.356718 0.076465 0.046875
0 0.006682 0.349687 0.013365 0.046875
0 0.897983 0.439922 0.203027 0.171094
0 0.565098 0.333281 0.019775 0.023437
0 0.513682 0.347344 0.027686 0.032812
0 0.485337 0.337969 0.023730 0.037500
0 0.433921 0.340312 0.023730 0.023437
0 0.371958 0.354375 0.050098 0.065625
0 0.282310 0.347344 0.052734 0.056250
