0 0.191517 0.451062 0.165988 0.142982
0 0.394938 0.382376 0.068365 0.069183
0 0.463303 0.351524 0.043122 0.067313
0 0.625371 0.318305 0.018071 0.029040
0 0.747806 0.419772 0.130419 0.185111
0 0.587937 0.324412 0.021035 0.024307
0 0.305538 0.408553 0.106228 0.110319
0 0.494330 0.345914 0.012621 0.048615
0 0.567524 0.316436 0.018071 0.032780
0 0.719934 0.372092 0.104125 0.149585
0 0.673131 0.347784 0.016828 0.071053
0 0.664190 0.325346 0.024191 0.037396
2 0.528513 0.312258 0.062054 0.130886
0 0.650183 0.320613 0.010518 0.026177
