0 0.481382 0.392578 0.021094 0.030469
0 0.505113 0.393750 0.015820 0.014062
0 0.528843 0.387890 0.015820 0.058594
0 0.544663 0.382031 0.021094 0.051562
0 0.589488 0.385547 0.087012 0.128906
0 0.637608 0.411328 0.101514 0.142969
0 0.439195 0.404297 0.047461 0.072656
0 0.398985 0.386718 0.027686 0.060937
0 0.369981 0.404297 0.027686 0.044531
0 0.350865 0.407812 0.021094 0.046875
0 0.329771 0.407812 0.042187 0.075000
0 0.291538 0.414843 0.052734 0.089062
0 0.225621 0.425390 0.102832 0.124219
0 0.099059 0.466764 0.166112 0.164778
0 0.944785 0.649218 0.104150 0.304687
