0 0.189145 0.581821 0.376640 0.439887
0 0.914233 0.466974 0.169112 0.244863
0 0.512763 0.396549 0.031691 0.039005
0 0.549940 0.382464 0.015846 0.019502
0 0.481681 0.390048 0.018283 0.026003
0 0.760921 0.425042 0.108705 0.143665
0 0.365886 0.438804 0.123109 0.166854
0 0.420127 0.411717 0.036567 0.086677
0 0.431097 0.412801 0.034129 0.067175
0 0.450599 0.411717 0.024378 0.052006
0 0.454865 0.405423 0.040224 0.064595
0 0.698645 0.417135 0.057288 0.093178
0 0.676705 0.417135 0.030472 0.058507
0 0.655984 0.410634 0.037786 0.049839
0 0.632215 0.399799 0.036567 0.058507
0 0.585897 0.387881 0.021940 0.034671
0 0.575536 0.379213 0.018283 0.030337
