0 0.454356 0.456328 0.025049 0.049219
0 0.360752 0.453984 0.011865 0.021094
0 0.348228 0.453984 0.021094 0.025781
0 0.325816 0.458672 0.023730 0.025781
0 0.308018 0.461015 0.019775 0.035156
0 0.294175 0.463359 0.018457 0.030469
0 0.279673 0.468047 0.021094 0.025781
0 0.265171 0.463359 0.023730 0.030469
0 0.248692 0.469218 0.019775 0.037500
0 0.224961 0.473906 0.051416 0.051562
0 0.176841 0.485625 0.036914 0.042187
0 0.084556 0.506718 0.031641 0.065625
0 0.124766 0.505547 0.075146 0.082031
0 0.415464 0.452812 0.026367 0.032812
0 0.490611 0.470390 0.065918 0.082031
0 0.826133 0.596953 0.346728 0.410156
0 0.021934 0.511406 0.043506 0.056250
