0 0.384738 0.299547 0.017446 0.031016
0 0.371423 0.297098 0.012855 0.029383
0 0.354436 0.289752 0.044993 0.034281
0 0.321839 0.290568 0.012855 0.035913
0 0.248381 0.293833 0.027547 0.042443
0 0.217620 0.287304 0.033974 0.062031
0 0.119829 0.279141 0.042239 0.052237
0 0.535327 0.304444 0.017446 0.021221
0 0.450850 0.334643 0.133143 0.205683
0 0.714382 0.346070 0.193746 0.215478
0 0.274550 0.285671 0.032138 0.052237
0 0.302556 0.284855 0.034893 0.057134
0 0.588585 0.325665 0.072540 0.093047
0 0.070244 0.356681 0.137734 0.233434
1 0.850835 0.300991 0.118921 0.124811
