0 0.082266 0.515000 0.056531 0.027000
0 0.108000 0.508250 0.059062 0.040500
0 0.147234 0.506750 0.059906 0.031500
0 0.137531 0.486500 0.045562 0.018000
0 0.187312 0.500750 0.050625 0.037500
0 0.232875 0.506750 0.042187 0.019500
0 0.253125 0.498500 0.038812 0.030000
0 0.292219 0.495500 0.045562 0.036000
0 0.318797 0.496250 0.036281 0.034500
0 0.333141 0.493250 0.031219 0.034500
0 0.357187 0.478250 0.018562 0.013500
0 0.354656 0.494000 0.016875 0.015000
0 0.378281 0.491750 0.011812 0.025500
0 0.446484 0.475250 0.031219 0.049500
0 0.662906 0.497750 0.038812 0.067500
0 0.692859 0.477500 0.014344 0.033000
0 0.713109 0.477500 0.005906 0.021000
0 0.724078 0.479000 0.010969 0.030000
2 0.392203 0.481500 0.037969 0.030000
0 0.553741 0.579536 0.273375 0.343500
0 0.951328 0.636000 0.096187 0.262500
