0 0.559459 0.501221 0.010926 0.019424
0 0.584043 0.501221 0.038242 0.063130
0 0.699452 0.502435 0.025950 0.041277
0 0.712427 0.507291 0.030047 0.031565
0 0.726768 0.509719 0.017755 0.036421
0 0.803934 0.507291 0.024584 0.050989
0 0.827835 0.518217 0.053266 0.053417
0 0.868809 0.518217 0.064192 0.067986
0 0.543070 0.500007 0.016389 0.021853
0 0.115579 0.529144 0.040974 0.036421
0 0.186600 0.520645 0.035510 0.038849
0 0.311569 0.510933 0.009560 0.019424
0 0.299960 0.514575 0.013658 0.026709
0 0.285619 0.524287 0.015024 0.016996
0 0.267864 0.519431 0.017755 0.016996
0 0.362786 0.513361 0.008195 0.019424
0 0.353226 0.514575 0.010926 0.021853
0 0.327276 0.518217 0.010926 0.019424
0 0.371664 0.515789 0.012292 0.014568
2 0.421515 0.458730 0.090142 0.182104
2 0.651649 0.487867 0.042339 0.075270
0 0.483658 0.530358 0.121555 0.179676
0 0.623651 0.514575 0.068289 0.099550
0 0.760229 0.509719 0.065558 0.075270
