0 0.446519 0.278481 0.007595 0.013502
0 0.440348 0.282700 0.010443 0.011814
0 0.437500 0.297890 0.014241 0.015190
0 0.435126 0.303797 0.015190 0.016878
0 0.428481 0.315612 0.017089 0.020253
0 0.474050 0.279325 0.013291 0.015190
0 0.482595 0.273418 0.009494 0.013502
0 0.486392 0.287764 0.013291 0.011814
0 0.490664 0.300422 0.012342 0.016878
0 0.496835 0.316456 0.011392 0.015190
0 0.489240 0.327426 0.013291 0.016878
0 0.498734 0.340084 0.017089 0.025316
0 0.503956 0.353586 0.019937 0.028692
0 0.559177 0.411573 0.039873 0.054008
0 0.525474 0.398915 0.031329 0.038819
0 0.395886 0.386257 0.013291 0.030380
0 0.389715 0.388788 0.012342 0.032068
0 0.381171 0.390476 0.016139 0.035443
0 0.361709 0.390476 0.030380 0.045570
0 0.244179 0.407331 0.075000 0.096202
0 0.456171 0.277637 0.011392 0.016878
0 0.477531 0.295359 0.012342 0.011814
0 0.424367 0.329958 0.019937 0.027004
0 0.412975 0.361181 0.018038 0.028692
0 0.325316 0.393811 0.047468 0.057384
0 0.612974 0.419128 0.089240 0.108017
0 0.136037 0.419989 0.145253 0.135021
0 0.021308 0.449384 0.042616 0.165401
0 0.505432 0.371747 0.018038 0.023629
