0 0.451963 0.633629 0.012248 0.021774
0 0.441553 0.633629 0.020822 0.030484
0 0.429917 0.642339 0.019597 0.030484
0 0.403584 0.644516 0.035519 0.043548
0 0.390111 0.636895 0.020822 0.032661
0 0.369290 0.639073 0.018372 0.037016
0 0.352142 0.642339 0.025721 0.047903
0 0.335608 0.647782 0.022046 0.054435
0 0.322135 0.651048 0.029395 0.065323
0 0.067377 0.702218 0.134728 0.163306
0 0.225988 0.675000 0.184945 0.217742
0 0.465436 0.642339 0.022046 0.034839
0 0.489320 0.639073 0.008574 0.019597
0 0.504017 0.633629 0.020822 0.030484
0 0.508917 0.643428 0.015922 0.037016
0 0.529126 0.644516 0.026946 0.052258
0 0.543211 0.656492 0.025721 0.076210
0 0.569544 0.648871 0.039194 0.139355
1 0.669978 0.617298 0.181270 0.298306
0 0.874519 0.796936 0.247409 0.400645
