0 0.944338 0.563078 0.108343 0.088496
0 0.464116 0.548329 0.012689 0.020823
0 0.449476 0.552667 0.008785 0.012147
0 0.442643 0.554402 0.008785 0.012147
0 0.435323 0.552667 0.007808 0.012147
0 0.427026 0.553534 0.006832 0.013882
0 0.420194 0.556137 0.008785 0.008676
0 0.409457 0.555270 0.012689 0.020823
0 0.398720 0.559608 0.010737 0.019087
0 0.384568 0.557872 0.023425 0.026028
0 0.354310 0.557872 0.033186 0.046851
0 0.577339 0.545726 0.016593 0.032969
0 0.012201 0.557005 0.024401 0.052057
0 0.025468 0.607326 0.050574 0.124936
0 0.518288 0.594312 0.126888 0.178727
0 0.744246 0.589974 0.207901 0.229049
0 0.191796 0.564813 0.305507 0.359190
