0 0.423325 0.504330 0.009278 0.012371
0 0.365335 0.524949 0.023196 0.032990
0 0.380992 0.519794 0.012758 0.022680
0 0.392590 0.517732 0.010438 0.018557
0 0.383312 0.501237 0.010438 0.018557
0 0.393170 0.496083 0.011598 0.016495
0 0.404188 0.492990 0.010438 0.014433
0 0.404188 0.511546 0.010438 0.014433
0 0.414626 0.509485 0.008119 0.018557
0 0.416366 0.489897 0.009278 0.012371
0 0.433763 0.503299 0.009278 0.014433
0 0.441302 0.512577 0.008119 0.020619
0 0.455799 0.498144 0.027835 0.057732
0 0.462178 0.519794 0.019716 0.039175
0 0.483054 0.521856 0.040593 0.055670
0 0.422165 0.563093 0.069588 0.105155
1 0.307925 0.492990 0.096263 0.187629
0 0.253415 0.538351 0.017397 0.039175
0 0.238338 0.530103 0.019716 0.039175
0 0.212822 0.557938 0.066108 0.078351
0 0.142075 0.561031 0.070747 0.063918
0 0.070747 0.569278 0.046392 0.059794
0 0.536985 0.543299 0.069588 0.105155
0 0.571778 0.522680 0.020876 0.047423
2 0.597874 0.536083 0.059149 0.078351
0 0.622809 0.528866 0.023196 0.047423
0 0.647165 0.522680 0.037113 0.055670
0 0.676740 0.537113 0.068428 0.063918
0 0.730090 0.535052 0.045232 0.055670
0 0.911308 0.537113 0.100902 0.088660
0 0.873615 0.561856 0.078866 0.088660
0 0.788370 0.572165 0.154253 0.129897
2 0.039433 0.490309 0.078866 0.367010
