0 0.090186 0.251303 0.085175 0.057583
2 0.246739 0.285426 0.105569 0.083175
2 0.346310 0.319550 0.088774 0.091706
0 0.429085 0.356872 0.038389 0.029858
0 0.544251 0.389929 0.033590 0.027725
0 0.630025 0.404858 0.022793 0.014929
2 0.214349 0.506161 0.016795 0.029858
0 0.234143 0.508293 0.013196 0.017062
0 0.232943 0.525355 0.015595 0.017062
0 0.195754 0.513625 0.013196 0.014929
0 0.186157 0.522156 0.020394 0.027725
0 0.160965 0.526421 0.051585 0.044787
0 0.125575 0.514692 0.026392 0.029858
0 0.095584 0.526421 0.019194 0.036256
0 0.046592 0.511493 0.093185 0.091706
0 0.310920 0.516824 0.010797 0.017062
0 0.346310 0.516824 0.011996 0.017062
0 0.355907 0.518957 0.009597 0.021327
0 0.366704 0.524289 0.019194 0.027725
0 0.381099 0.530687 0.019194 0.036256
2 0.361305 0.496564 0.022793 0.031991
0 0.329515 0.530687 0.031191 0.044787
0 0.276730 0.563744 0.076777 0.102370
0 0.385898 0.511493 0.014396 0.019194
0 0.400893 0.512559 0.017995 0.021327
0 0.419488 0.517891 0.019194 0.014929
0 0.438082 0.515758 0.029991 0.014929
0 0.469873 0.532820 0.035989 0.053317
2 0.510661 0.497630 0.067180 0.046919
0 0.504063 0.546682 0.058783 0.076777
0 0.420688 0.588270 0.098371 0.138626
0 0.608432 0.569075 0.135560 0.164218
0 0.755388 0.574407 0.093572 0.115166
0 0.852502 0.695971 0.294997 0.460663
