0 0.487514 0.292636 0.047031 0.091767
0 0.053149 0.374207 0.016059 0.018353
0 0.074943 0.372847 0.022942 0.022432
0 0.096738 0.372847 0.025236 0.022432
0 0.109930 0.382024 0.035560 0.020393
0 0.144916 0.379985 0.034413 0.024471
0 0.173593 0.377946 0.032119 0.016314
0 0.039383 0.390181 0.043589 0.028550
0 0.030122 0.418731 0.050302 0.053021
0 0.182770 0.414313 0.020648 0.034668
0 0.206285 0.414653 0.033266 0.053021
0 0.354834 0.447621 0.103238 0.099924
0 0.144916 0.416012 0.029824 0.044864
0 0.093297 0.433346 0.073414 0.091767
