0 0.066758 0.439922 0.114697 0.086719
0 0.572349 0.404765 0.010547 0.025781
0 0.563120 0.410625 0.018457 0.023437
0 0.553892 0.411797 0.015820 0.021094
0 0.539390 0.418828 0.023730 0.030469
0 0.518955 0.427031 0.022412 0.042187
0 0.635630 0.409453 0.010547 0.025781
0 0.643540 0.410625 0.015820 0.023437
0 0.646836 0.417656 0.017139 0.037500
0 0.660020 0.431718 0.027686 0.046875
4 0.676499 0.448125 0.050098 0.046875
0 0.727915 0.476250 0.081738 0.135937
0 0.814268 0.520781 0.196435 0.229687
2 0.616514 0.400078 0.027686 0.053906
0 0.470176 0.439922 0.083057 0.105469
0 0.301426 0.439922 0.101514 0.063281
0 0.176182 0.438750 0.101514 0.056250
0 0.038323 0.453984 0.076646 0.110156
0 0.905894 0.636796 0.187207 0.592968
