0 0.488800 0.487749 0.011353 0.015698
0 0.477447 0.486628 0.011353 0.017940
0 0.463572 0.482143 0.021444 0.031395
0 0.439605 0.474294 0.026490 0.020183
0 0.418161 0.470930 0.021444 0.026910
0 0.382841 0.469809 0.061810 0.033638
0 0.333267 0.473172 0.042888 0.026910
0 0.290379 0.470930 0.047934 0.031395
0 0.249383 0.469809 0.054241 0.033638
0 0.215703 0.478779 0.025228 0.020183
0 0.169030 0.470930 0.060548 0.035880
0 0.129295 0.478779 0.023967 0.020183
0 0.088299 0.479900 0.035320 0.017940
0 0.048565 0.484385 0.041627 0.026910
0 0.566377 0.484385 0.017660 0.035880
0 0.571423 0.488870 0.012614 0.049336
0 0.582145 0.488870 0.029013 0.049336
0 0.590975 0.493355 0.034058 0.049336
0 0.681040 0.537084 0.064332 0.145764
0 0.831528 0.542691 0.302741 0.363289
0 0.016398 0.483264 0.032797 0.024668
1 0.531688 0.461212 0.066855 0.139036
0 0.947957 0.620058 0.103436 0.513538
0 0.363919 0.792732 0.020183 0.002243
2 0.666017 0.459265 0.132518 0.214412
