0 0.476768 0.703593 0.014502 0.018750
0 0.490611 0.703593 0.015820 0.028125
0 0.501817 0.701250 0.019775 0.028125
0 0.512364 0.708281 0.019775 0.037500
0 0.536094 0.714140 0.043506 0.049219
0 0.361411 0.710625 0.031641 0.037500
0 0.333726 0.709453 0.029004 0.039844
0 0.230235 0.718828 0.035596 0.035156
0 0.583555 0.711796 0.061963 0.110156
0 0.636289 0.721171 0.083057 0.142969
0 0.698252 0.735234 0.127881 0.133594
0 0.846567 0.730546 0.263672 0.147656
0 0.404258 0.709453 0.019775 0.035156
0 0.431944 0.710625 0.017139 0.018750
0 0.458970 0.708281 0.018457 0.023437
0 0.305115 0.720058 0.027295 0.022529
0 0.278795 0.720058 0.019496 0.022529
0 0.258324 0.718325 0.015597 0.029461
