0 0.404335 0.407595 0.018038 0.018565
0 0.426645 0.407595 0.028481 0.018565
0 0.384399 0.420253 0.018038 0.030380
0 0.340253 0.451477 0.036076 0.079325
0 0.373481 0.436287 0.013291 0.052321
0 0.358766 0.434599 0.023734 0.062447
0 0.317468 0.464979 0.037975 0.113080
0 0.664936 0.485232 0.172785 0.180591
0 0.713829 0.524050 0.158544 0.194093
0 0.837911 0.545991 0.217975 0.227848
0 0.254272 0.470886 0.124367 0.175527
0 0.072521 0.592528 0.143354 0.403375
0 0.439873 0.574683 0.218354 0.325738
0 0.910917 0.600844 0.173734 0.313924
