0 0.296524 0.384597 0.010797 0.017062
0 0.310320 0.386730 0.016795 0.021327
0 0.328315 0.395260 0.009597 0.012796
0 0.334313 0.399526 0.016795 0.017062
0 0.343910 0.402725 0.011996 0.019194
0 0.353508 0.405924 0.009597 0.017062
0 0.362505 0.409123 0.013196 0.019194
0 0.370902 0.411256 0.017995 0.023460
0 0.379300 0.411256 0.013196 0.023460
0 0.392496 0.418720 0.025193 0.034123
0 0.264734 0.414455 0.043187 0.059716
0 0.179559 0.441113 0.105569 0.117299
3 0.622828 0.465639 0.051585 0.068246
3 0.658817 0.459241 0.032390 0.063981
3 0.694806 0.466706 0.034790 0.044787
0 0.757188 0.440047 0.099570 0.059716
0 0.811172 0.443246 0.077977 0.040521
