0 0.568938 0.604006 0.061149 0.094289
0 0.537586 0.594735 0.053038 0.079869
0 0.513875 0.588079 0.024335 0.075431
0 0.496092 0.588634 0.017471 0.056574
0 0.483924 0.576432 0.009360 0.018858
0 0.448358 0.579205 0.011855 0.013311
0 0.439934 0.574213 0.008736 0.021076
0 0.434942 0.557574 0.004992 0.012202
0 0.431868 0.562819 0.004900 0.013818
0 0.339878 0.593024 0.013103 0.031060
0 0.295458 0.607703 0.030575 0.072104
0 0.155064 0.633217 0.096716 0.114256
0 0.236336 0.653000 0.128284 0.139919
0 0.423865 0.575275 0.011855 0.019967
0 0.422929 0.577716 0.013727 0.020411
0 0.412945 0.559190 0.003744 0.012202
0 0.466295 0.594577 0.039310 0.059901
0 0.407329 0.570172 0.009984 0.019967
0 0.322469 0.596795 0.022463 0.033279
2 0.362715 0.579601 0.030575 0.056574
2 0.390482 0.570727 0.022463 0.045481
2 0.425113 0.546323 0.009360 0.016639
0 0.411544 0.546939 0.006888 0.009184
0 0.413696 0.537755 0.004305 0.015306
