0 0.334276 0.349641 0.012292 0.014568
0 0.328129 0.371493 0.013658 0.016996
0 0.315837 0.370279 0.013658 0.019424
0 0.313106 0.377563 0.013658 0.019424
0 0.306960 0.384847 0.023218 0.019424
0 0.324032 0.388490 0.019121 0.016996
0 0.324715 0.396988 0.017755 0.019424
0 0.311740 0.404272 0.019121 0.029137
0 0.290570 0.404272 0.020487 0.026709
0 0.250280 0.428553 0.027316 0.046133
0 0.228427 0.434623 0.040974 0.053417
0 0.341787 0.387275 0.013658 0.016996
0 0.344519 0.398202 0.019121 0.019424
0 0.169016 0.486826 0.045071 0.075270
0 0.136237 0.488040 0.058729 0.097122
0 0.087752 0.496538 0.090142 0.114119
0 0.040632 0.514749 0.080581 0.126259
0 0.360225 0.388490 0.012292 0.019424
0 0.362957 0.394560 0.015024 0.021853
0 0.369103 0.404272 0.019121 0.026709
0 0.374566 0.424910 0.021853 0.043705
0 0.396419 0.428553 0.035510 0.065558
0 0.282376 0.449191 0.045071 0.063130
0 0.416905 0.483184 0.032779 0.063130
0 0.444904 0.492896 0.066923 0.092266
0 0.479049 0.511107 0.088776 0.109263
0 0.194283 0.416412 0.040974 0.038849
