0 0.300728 0.527696 0.121851 0.119576
0 0.423554 0.520764 0.108204 0.116110
0 0.552229 0.551091 0.137448 0.180231
0 0.609255 0.467908 0.044841 0.058922
0 0.636062 0.466175 0.020471 0.034660
0 0.534682 0.460976 0.034118 0.024262
0 0.489354 0.487412 0.042892 0.066737
0 0.655326 0.453577 0.020935 0.040658
0 0.677083 0.454044 0.022262 0.027728
0 0.693576 0.447112 0.010723 0.020796
0 0.566851 0.453177 0.024370 0.019063
2 0.375788 0.468774 0.061413 0.064121
0 0.458160 0.463575 0.031194 0.046791
0 0.501539 0.451444 0.032169 0.019063
0 0.713072 0.440180 0.016572 0.013864
1 0.767174 0.424583 0.009748 0.024262
0 0.755963 0.428915 0.010723 0.015597
0 0.727694 0.432381 0.008773 0.015597
