0 0.088708 0.606547 0.177415 0.398588
0 0.125263 0.450578 0.123801 0.090116
0 0.242727 0.504301 0.148171 0.145571
0 0.358729 0.473107 0.042892 0.051990
0 0.379688 0.467908 0.024370 0.045058
0 0.391873 0.464442 0.011698 0.034660
0 0.463521 0.468774 0.020471 0.039859
0 0.473757 0.471374 0.025345 0.048524
0 0.489841 0.477439 0.026320 0.064121
0 0.510312 0.481772 0.043866 0.079718
0 0.550766 0.502568 0.077985 0.110911
0 0.698450 0.491303 0.129649 0.088383
0 0.871966 0.668935 0.252475 0.447112
0 0.305359 0.456643 0.033143 0.034660
