0 0.413729 0.390318 0.032228 0.042971
0 0.460288 0.386015 0.018457 0.025781
0 0.443809 0.389531 0.025049 0.032812
0 0.564439 0.387187 0.015820 0.023437
0 0.574986 0.389531 0.013184 0.037500
0 0.586851 0.386015 0.023730 0.049219
0 0.607945 0.398906 0.039551 0.056250
0 0.667271 0.417656 0.084375 0.112500
0 0.694956 0.439922 0.108105 0.119531
0 0.391075 0.395390 0.017139 0.030469
0 0.376573 0.395390 0.038232 0.044531
0 0.357456 0.401250 0.034277 0.037500
0 0.335704 0.401250 0.032959 0.051562
0 0.305381 0.416484 0.043506 0.053906
0 0.255284 0.420000 0.077783 0.079687
0 0.208482 0.432890 0.113379 0.100781
0 0.123448 0.435234 0.183252 0.119531
0 0.098308 0.450468 0.196617 0.121875
