0 0.639274 0.557763 0.007993 0.014211
0 0.678741 0.555099 0.010991 0.023092
0 0.648766 0.559539 0.008993 0.017763
0 0.628782 0.564868 0.012989 0.028421
0 0.614794 0.564868 0.016986 0.042632
0 0.611297 0.582632 0.011990 0.049737
0 0.560838 0.569309 0.008993 0.026645
0 0.525867 0.559539 0.026978 0.017763
0 0.544352 0.585296 0.023980 0.044408
0 0.482903 0.586184 0.026978 0.056842
0 0.757898 0.569006 0.063392 0.047354
0 0.934031 0.635921 0.115905 0.142105
0 0.886071 0.674112 0.149877 0.190066
0 0.677742 0.578191 0.064947 0.015987
0 0.443435 0.588849 0.061949 0.076382
0 0.510380 0.596842 0.053956 0.063947
0 0.582820 0.587961 0.052956 0.081711
0 0.185248 0.746053 0.370495 0.504474
0 0.752681 0.789572 0.374692 0.417434
0 0.988986 0.881941 0.021982 0.222039
2 0.578548 0.531162 0.034118 0.032927
