0 0.165130 0.443343 0.054669 0.053254
0 0.309966 0.429630 0.015727 0.027959
0 0.369390 0.419046 0.010484 0.017308
0 0.356659 0.413055 0.035947 0.010651
0 0.360029 0.425037 0.024713 0.023964
0 0.340183 0.425703 0.028458 0.022633
0 0.319589 0.426368 0.015727 0.023964
0 0.404214 0.433691 0.017973 0.027959
0 0.454389 0.432359 0.022467 0.030621
0 0.478354 0.421043 0.004493 0.010651
0 0.475733 0.419046 0.006740 0.009320
0 0.470116 0.420377 0.010484 0.011982
0 0.513926 0.429031 0.035947 0.058580
0 0.579828 0.428365 0.020969 0.030621
0 0.604542 0.431694 0.032951 0.050592
0 0.797381 0.438351 0.038942 0.042604
2 0.770533 0.404334 0.060361 0.081213
0 0.536280 0.448003 0.062158 0.089201
0 0.426743 0.434024 0.038193 0.055917
0 0.485094 0.423040 0.011233 0.014645
0 0.383619 0.432359 0.026960 0.038609
1 0.491647 0.413720 0.011982 0.022633
