0 0.394995 0.493044 0.010005 0.017787
0 0.380988 0.497490 0.016008 0.026680
0 0.367482 0.493044 0.009004 0.017787
0 0.357477 0.499269 0.015007 0.019565
0 0.327962 0.501048 0.010005 0.016008
0 0.321459 0.501048 0.005002 0.019565
0 0.314956 0.505494 0.010005 0.017787
0 0.280439 0.522391 0.051025 0.062253
0 0.443519 0.493933 0.025012 0.040909
0 0.065833 0.550850 0.098048 0.094269
0 0.014407 0.572194 0.028814 0.083597
2 0.523058 0.519723 0.092045 0.149407
0 0.582088 0.556186 0.102050 0.147628
0 0.715654 0.612214 0.275136 0.252569
