0 0.210712 0.635457 0.078927 0.112677
0 0.367131 0.575929 0.019134 0.027638
0 0.355770 0.590811 0.020330 0.031890
0 0.419151 0.547229 0.010763 0.017008
0 0.424533 0.558921 0.011959 0.023386
0 0.434697 0.572740 0.017938 0.021260
0 0.127958 0.651402 0.119587 0.161575
0 0.398463 0.550417 0.016742 0.019134
0 0.393081 0.573803 0.022721 0.036142
0 0.414009 0.598252 0.035876 0.051024
0 0.339865 0.605693 0.026309 0.036142
0 0.047835 0.668622 0.095669 0.218976
0 0.500470 0.593150 0.063381 0.093543
0 0.559267 0.616890 0.102845 0.116929
0 0.833120 0.661181 0.330059 0.301890
