0 0.610399 0.453467 0.023401 0.033282
0 0.591678 0.452427 0.028082 0.035362
0 0.568276 0.457627 0.023401 0.024961
0 0.555405 0.498190 0.028082 0.056163
0 0.513283 0.492990 0.025742 0.037442
0 0.444249 0.509631 0.032762 0.054083
0 0.379895 0.522111 0.058504 0.087365
0 0.868399 0.538752 0.118177 0.128968
2 0.642576 0.471148 0.031592 0.076965
0 0.675338 0.500270 0.036272 0.043683
0 0.948549 0.575154 0.100626 0.139368
0 0.599283 0.542913 0.085415 0.137288
0 0.486956 0.542913 0.078395 0.104006
0 0.257623 0.638598 0.319429 0.291217
0 0.068071 0.592836 0.134558 0.237134
