0 0.416783 0.561796 0.015820 0.025781
0 0.399644 0.557109 0.018457 0.035156
0 0.382505 0.559453 0.031641 0.053906
0 0.443809 0.555937 0.030322 0.037500
0 0.356138 0.558281 0.042187 0.060937
0 0.507749 0.553593 0.018457 0.042187
0 0.525547 0.541875 0.040869 0.070312
0 0.530821 0.557109 0.030322 0.063281
0 0.557847 0.557109 0.055371 0.077344
0 0.603330 0.568828 0.075146 0.142969
0 0.670567 0.581718 0.135791 0.178125
0 0.759556 0.620390 0.205664 0.236719
0 0.333067 0.573515 0.061963 0.067969
0 0.476109 0.541875 0.055371 0.112500
0 0.907212 0.575859 0.184570 0.494531
