0 0.061990 0.535826 0.123980 0.298470
0 0.141630 0.554959 0.105899 0.137755
0 0.197593 0.541183 0.078348 0.113265
2 0.229018 0.484551 0.117092 0.180612
0 0.294882 0.511336 0.026690 0.071939
0 0.315545 0.505214 0.024968 0.050510
0 0.334917 0.508275 0.025829 0.035204
0 0.507542 0.533530 0.054241 0.094898
0 0.566518 0.532000 0.099872 0.146939
0 0.667252 0.559551 0.172194 0.198980
0 0.844611 0.620010 0.303061 0.283163
0 0.397338 0.512867 0.024968 0.035204
2 0.367142 0.496028 0.024107 0.044388
2 0.460499 0.485238 0.093582 0.114377
