0 0.387500 0.456587 0.015211 0.031202
0 0.561256 0.424345 0.081905 0.187211
0 0.612154 0.468028 0.026912 0.058243
0 0.619174 0.471148 0.017551 0.052003
0 0.639651 0.478429 0.049143 0.062404
0 0.704004 0.496110 0.081905 0.089445
0 0.778304 0.508590 0.104136 0.126888
0 0.895311 0.530432 0.172000 0.162250
0 0.331337 0.469068 0.022231 0.043683
0 0.288044 0.454507 0.017551 0.014561
0 0.251187 0.482589 0.053823 0.062404
0 0.290385 0.510671 0.080735 0.089445
0 0.179228 0.496110 0.127538 0.068644
0 0.417337 0.446187 0.016381 0.014561
0 0.433718 0.450347 0.011701 0.014561
0 0.510358 0.501310 0.097116 0.170570
0 0.970780 0.575154 0.056163 0.156009
0 0.350058 0.436826 0.029252 0.016641
