0 0.591423 0.450425 0.015790 0.038280
0 0.612955 0.451063 0.038758 0.065076
0 0.640158 0.463185 0.059573 0.076560
0 0.423039 0.473393 0.035887 0.056144
0 0.545918 0.438942 0.008900 0.015312
0 0.516346 0.438942 0.005742 0.012760
0 0.386291 0.489471 0.044500 0.091871
0 0.570465 0.446598 0.015790 0.022968
0 0.509456 0.441494 0.015790 0.030624
0 0.487924 0.458081 0.031581 0.045936
0 0.462803 0.454891 0.015790 0.021692
0 0.693845 0.474031 0.082541 0.113563
0 0.257743 0.521881 0.238435 0.292202
2 0.529768 0.426820 0.027992 0.065076
0 0.555177 0.436390 0.007895 0.015312
