0 0.342018 0.524901 0.008993 0.012434
0 0.332526 0.523125 0.007993 0.015987
0 0.324533 0.524901 0.007993 0.012434
0 0.318038 0.527566 0.008993 0.014211
0 0.307547 0.525789 0.011990 0.021316
0 0.298055 0.527566 0.010991 0.017763
0 0.291060 0.532007 0.012989 0.019539
0 0.283067 0.533783 0.014988 0.019539
0 0.271077 0.532895 0.014988 0.028421
0 0.261585 0.533783 0.015987 0.023092
0 0.247596 0.532007 0.025979 0.033750
0 0.239103 0.540000 0.020983 0.031974
0 0.219619 0.536447 0.027977 0.042632
0 0.192641 0.540000 0.043964 0.053289
0 0.172658 0.543553 0.019984 0.046184
0 0.087728 0.563092 0.157870 0.163421
