0 0.081396 0.538960 0.065312 0.031194
0 0.267097 0.592683 0.152070 0.176765
0 0.459607 0.613219 0.106283 0.151983
0 0.635575 0.593550 0.105279 0.140372
0 0.577574 0.562356 0.043866 0.088383
0 0.537119 0.546759 0.033143 0.046791
0 0.383099 0.552824 0.048740 0.069320
0 0.347519 0.537227 0.034118 0.048524
0 0.428428 0.527696 0.016572 0.025995
0 0.417218 0.523364 0.011698 0.027728
0 0.928017 0.487837 0.050690 0.043325
0 0.807141 0.478306 0.027295 0.027728
0 0.757913 0.473107 0.032169 0.020796
0 0.734518 0.472240 0.018521 0.022529
0 0.711610 0.473107 0.023395 0.020796
1 0.455723 0.517298 0.026320 0.036393
0 0.490816 0.525963 0.014622 0.022529
0 0.476681 0.523364 0.007798 0.024262
0 0.516648 0.519898 0.011698 0.020796
2 0.540044 0.512099 0.031194 0.019063
