0 0.242137 0.383419 0.030134 0.059694
0 0.286046 0.372704 0.035300 0.035204
0 0.317902 0.371174 0.031856 0.038265
0 0.351706 0.368112 0.049075 0.039796
0 0.381410 0.373470 0.036161 0.035204
0 0.413265 0.374235 0.043048 0.048980
0 0.440817 0.371174 0.018941 0.052041
0 0.479991 0.375128 0.064573 0.080867
0 0.532366 0.356888 0.043048 0.029082
0 0.540402 0.380357 0.093559 0.084184
0 0.602679 0.379592 0.099872 0.097959
0 0.643575 0.391837 0.131728 0.131633
0 0.690928 0.382526 0.140338 0.167092
0 0.777141 0.392872 0.224945 0.193908
0 0.917471 0.442377 0.162475 0.269388
0 0.164289 0.433811 0.163584 0.189935
0 0.862493 0.404877 0.147226 0.203572
