0 0.060240 0.540340 0.120012 0.126017
0 0.127264 0.522249 0.037899 0.062384
0 0.241662 0.509772 0.032284 0.057394
0 0.313950 0.485442 0.015440 0.016220
0 0.322723 0.509772 0.028775 0.044917
0 0.332197 0.497919 0.032284 0.046164
0 0.352901 0.499167 0.016142 0.041174
0 0.443437 0.491057 0.016142 0.014972
0 0.416065 0.502910 0.037197 0.063632
0 0.385887 0.532230 0.077903 0.109797
1 0.457590 0.479074 0.016844 0.026201
0 0.188440 0.546449 0.134049 0.143484
0 0.286696 0.509642 0.063866 0.084843
0 0.697965 0.496580 0.023862 0.037431
0 0.603219 0.471627 0.023862 0.029945
0 0.615150 0.484103 0.021055 0.014972
0 0.527773 0.485975 0.020353 0.013725
