0 0.148806 0.585555 0.239864 0.222573
0 0.832712 0.680201 0.332300 0.303698
0 0.961213 0.609477 0.073714 0.133128
0 0.463816 0.552065 0.070204 0.095686
2 0.383081 0.530432 0.056163 0.079045
2 0.429884 0.524191 0.030422 0.049923
2 0.495993 0.526272 0.019891 0.037442
2 0.510619 0.524191 0.009361 0.016641
2 0.524659 0.526272 0.014041 0.024961
2 0.541040 0.534592 0.032762 0.054083
2 0.615340 0.540832 0.031592 0.058243
2 0.665068 0.554353 0.074884 0.085285
2 0.701340 0.553313 0.016381 0.045763
0 0.577313 0.562674 0.063184 0.081125
2 0.291347 0.515871 0.032762 0.033282
