0 0.739171 0.308694 0.017604 0.021338
0 0.729568 0.303003 0.012803 0.012803
0 0.730369 0.320785 0.014403 0.025606
0 0.715565 0.307982 0.015204 0.008535
0 0.719566 0.324342 0.016804 0.024183
0 0.706763 0.317940 0.015204 0.011380
0 0.707963 0.334299 0.020805 0.027028
0 0.698361 0.332877 0.011203 0.015648
0 0.685958 0.322919 0.013603 0.009958
2 0.663553 0.326475 0.026406 0.045522
0 0.669555 0.337856 0.017604 0.031296
0 0.682358 0.342123 0.032007 0.042677
0 0.598738 0.347814 0.048811 0.034141
0 0.529522 0.346391 0.032007 0.039831
0 0.497115 0.377687 0.079218 0.082508
2 0.321074 0.351370 0.236055 0.214805
0 0.815522 0.345680 0.044010 0.059747
0 0.826324 0.354926 0.040009 0.066860
0 0.848729 0.372708 0.052812 0.105269
2 0.922053 0.285506 0.152835 0.089621
0 0.924854 0.387218 0.148834 0.196312
3 0.052512 0.434691 0.064015 0.105269
