3 0.675181 0.487968 0.036914 0.075000
0 0.253306 0.369609 0.026367 0.044531
0 0.218370 0.380156 0.051416 0.093750
0 0.321861 0.363750 0.015820 0.028125
2 0.297471 0.343828 0.019775 0.021094
2 0.264512 0.340312 0.038232 0.079687
2 0.353501 0.352031 0.026367 0.042187
0 0.352842 0.394218 0.040869 0.070312
0 0.300108 0.396562 0.059326 0.093750
0 0.463584 0.477422 0.162158 0.213281
2 0.471494 0.349687 0.051416 0.070312
2 0.594761 0.371953 0.213574 0.349219
2 0.105559 0.255937 0.211119 0.482812
0 0.914463 0.543046 0.170068 0.367968
