0 0.283669 0.369994 0.093582 0.109178
0 0.334846 0.356996 0.024370 0.034660
0 0.350931 0.353530 0.011698 0.027728
0 0.389436 0.351797 0.010723 0.024262
0 0.445000 0.346598 0.010723 0.020796
0 0.482042 0.343132 0.006824 0.013864
0 0.491303 0.343999 0.011698 0.022529
0 0.495202 0.350064 0.007798 0.013864
0 0.506900 0.355263 0.017547 0.041592
0 0.531270 0.368261 0.027295 0.050257
0 0.550279 0.369994 0.032169 0.060655
0 0.582935 0.383858 0.070186 0.081451
0 0.428915 0.359596 0.033143 0.050257
0 0.463521 0.344865 0.014622 0.017330
0 0.366528 0.356996 0.023395 0.027728
0 0.399671 0.349198 0.015597 0.029461
