0 0.013917 0.484725 0.027505 0.077386
2 0.151442 0.400110 0.142308 0.080787
0 0.275214 0.399047 0.105236 0.061654
0 0.509604 0.606331 0.234390 0.335906
0 0.647128 0.458575 0.205689 0.125433
0 0.543686 0.411803 0.144700 0.065906
0 0.524552 0.375662 0.027505 0.027638
0 0.508408 0.378850 0.014350 0.034016
0 0.496449 0.382039 0.014350 0.031890
0 0.484490 0.394795 0.011959 0.023386
0 0.885106 0.391606 0.086102 0.042520
0 0.988548 0.489402 0.020330 0.136063
0 0.449810 0.289559 0.009567 0.021260
0 0.444429 0.319323 0.010763 0.017008
0 0.462965 0.327827 0.011959 0.021260
0 0.440243 0.339520 0.009567 0.023386
0 0.437852 0.371410 0.009567 0.027638
0 0.425893 0.377788 0.026309 0.053150
0 0.399584 0.389480 0.016742 0.029764
0 0.411542 0.390543 0.014350 0.027638
2 0.371481 0.388417 0.037072 0.061654
0 0.475521 0.362906 0.008371 0.019134
