0 0.074487 0.461718 0.146338 0.246094
0 0.883959 0.512109 0.229394 0.445312
0 0.457470 0.445312 0.315088 0.499218
0 0.910986 0.360937 0.172705 0.105469
0 0.721142 0.376172 0.206982 0.257812
0 0.521411 0.273047 0.071191 0.065625
0 0.298608 0.413086 0.125244 0.183984
0 0.370459 0.307031 0.036914 0.030469
0 0.169409 0.403125 0.159521 0.161719
0 0.241919 0.347656 0.035596 0.051562
0 0.617541 0.333398 0.026587 0.052734
0 0.604467 0.312890 0.034277 0.075000
0 0.597656 0.312304 0.042187 0.066797
0 0.575244 0.318164 0.018457 0.043359
