0 0.616772 0.392578 0.011865 0.016406
0 0.631933 0.384375 0.023730 0.028125
0 0.671484 0.392578 0.010547 0.025781
0 0.651049 0.396093 0.032959 0.046875
0 0.587768 0.394922 0.032959 0.039844
0 0.568652 0.387890 0.013184 0.025781
0 0.551513 0.391406 0.018457 0.032812
0 0.548217 0.393750 0.011865 0.023437
0 0.686645 0.389062 0.017139 0.023437
0 0.700488 0.387890 0.013184 0.030469
0 0.720922 0.399609 0.040869 0.049219
2 0.467138 0.372656 0.126562 0.145312
0 0.970312 0.406250 0.058008 0.117187
0 0.478086 0.440625 0.112060 0.145312
