0 0.482507 0.524711 0.015796 0.027042
0 0.579623 0.517951 0.009946 0.013521
0 0.591324 0.516391 0.012286 0.014561
0 0.603317 0.515351 0.009361 0.014561
0 0.615603 0.514830 0.012871 0.013521
0 0.592494 0.536672 0.031007 0.030162
0 0.627596 0.519511 0.009946 0.012481
0 0.638712 0.518991 0.009946 0.011441
0 0.631691 0.533552 0.014626 0.017681
0 0.646317 0.531992 0.012286 0.016641
0 0.660358 0.535632 0.013456 0.015601
0 0.652752 0.518471 0.008776 0.012481
0 0.663576 0.521071 0.009361 0.011441
0 0.674691 0.534592 0.011701 0.011441
0 0.687562 0.535112 0.009361 0.010401
0 0.690195 0.524191 0.012286 0.013521
0 0.676739 0.521591 0.009946 0.012481
0 0.706576 0.532512 0.007605 0.013521
0 0.727052 0.529911 0.008776 0.010401
0 0.736412 0.528871 0.006435 0.010401
0 0.743725 0.528871 0.010531 0.008320
0 0.904317 0.546552 0.009361 0.010401
0 0.817440 0.530431 0.013456 0.009361
0 0.797256 0.531471 0.009361 0.015601
0 0.762446 0.527311 0.007605 0.011441
2 0.558269 0.505470 0.031007 0.032242
0 0.461534 0.531471 0.038027 0.047843
0 0.506581 0.515351 0.019306 0.019761
0 0.696718 0.547072 0.019306 0.016641
0 0.746446 0.545512 0.016966 0.017681
