0 0.106811 0.466972 0.213623 0.260819
0 0.390213 0.431057 0.049118 0.052669
0 0.423006 0.431750 0.025631 0.040195
0 0.449466 0.431750 0.025728 0.034651
0 0.606564 0.440760 0.015593 0.030493
0 0.596429 0.437294 0.017152 0.037423
0 0.586293 0.435908 0.018711 0.026335
0 0.574989 0.434522 0.014813 0.015246
0 0.837998 0.435029 0.133154 0.086308
0 0.939083 0.444918 0.074066 0.049897
4 0.533457 0.440460 0.022412 0.064357
0 0.559396 0.435215 0.021050 0.027721
0 0.658021 0.436601 0.084202 0.099795
0 0.356298 0.437988 0.034304 0.044353
0 0.516905 0.431057 0.021830 0.016632
0 0.481431 0.440067 0.013254 0.031879
0 0.705579 0.434522 0.020271 0.056827
