0 0.504322 0.437535 0.017039 0.029917
0 0.519678 0.445949 0.028398 0.050485
0 0.519152 0.449689 0.014725 0.050485
0 0.534508 0.447819 0.035760 0.057964
0 0.298491 0.469322 0.071520 0.089751
0 0.231178 0.489889 0.096763 0.123407
0 0.139885 0.514197 0.145144 0.153324
0 0.425019 0.430056 0.036812 0.022438
0 0.545236 0.462777 0.027346 0.065443
0 0.557226 0.468387 0.034498 0.091621
0 0.583941 0.471191 0.056795 0.153324
0 0.642103 0.488020 0.129367 0.228116
0 0.829676 0.465582 0.340055 0.682480
0 0.046278 0.542556 0.092555 0.185111
0 0.357425 0.478047 0.087297 0.100970
0 0.479500 0.452867 0.038915 0.059834
0 0.421127 0.454737 0.039967 0.056094
