0 0.440535 0.482905 0.016059 0.021412
0 0.469500 0.493612 0.024662 0.036707
0 0.485846 0.497180 0.021795 0.033648
0 0.423329 0.496671 0.022942 0.024471
0 0.405262 0.502788 0.012044 0.020393
0 0.398464 0.509513 0.018353 0.031609
0 0.390148 0.513591 0.022368 0.035687
0 0.377931 0.521239 0.014683 0.044864
0 0.345698 0.530415 0.037854 0.061178
0 0.315816 0.542141 0.049899 0.082591
0 0.363707 0.521748 0.032119 0.054041
0 0.265057 0.556416 0.068826 0.096866
0 0.198239 0.575279 0.099223 0.132553
0 0.105955 0.603319 0.157152 0.174358
0 0.028052 0.637381 0.056103 0.199849
0 0.489617 0.513557 0.018353 0.034668
0 0.531486 0.550264 0.089473 0.120317
3 0.583805 0.519505 0.031675 0.056080
3 0.604804 0.529192 0.041295 0.061178
3 0.614268 0.538878 0.040722 0.074434
3 0.632048 0.542447 0.054487 0.077492
3 0.646386 0.540408 0.048751 0.077492
