0 0.278530 0.606398 0.020394 0.042654
0 0.251538 0.609597 0.040788 0.057583
0 0.219747 0.624526 0.051585 0.049052
1 0.136372 0.597867 0.148756 0.166351
1 0.035796 0.595734 0.071591 0.226066
0 0.352308 0.602132 0.014396 0.034123
0 0.318718 0.597867 0.071979 0.093839
0 0.493866 0.581872 0.011996 0.036256
0 0.556247 0.585071 0.028791 0.042654
0 0.519658 0.600000 0.056383 0.072512
0 0.608432 0.607464 0.101970 0.130095
0 0.700205 0.577606 0.110367 0.147156
0 0.798575 0.593601 0.167950 0.174881
0 0.956871 0.705568 0.086259 0.240995
0 0.913683 0.590402 0.172633 0.270853
0 0.425486 0.597867 0.131961 0.230332
