0 0.546588 0.502460 0.051979 0.057754
0 0.364662 0.501016 0.034111 0.051979
0 0.305780 0.506070 0.033299 0.044759
0 0.014619 0.530615 0.029238 0.030321
0 0.154312 0.516177 0.025989 0.018770
0 0.091369 0.519786 0.039796 0.028877
0 0.514507 0.495963 0.036547 0.053422
0 0.491360 0.493075 0.030862 0.044759
0 0.468620 0.495963 0.021116 0.038984
0 0.450346 0.503904 0.010558 0.025989
0 0.973787 0.482968 0.048730 0.140053
2 0.440600 0.482968 0.036547 0.056310
0 0.410550 0.493797 0.020304 0.025989
0 0.386185 0.496685 0.008934 0.034652
