0 0.452250 0.426375 0.008437 0.007500
0 0.442758 0.428250 0.008437 0.007500
0 0.431683 0.424500 0.011602 0.007500
0 0.400570 0.421687 0.014766 0.016875
0 0.382640 0.422625 0.016875 0.015000
0 0.359437 0.420750 0.021094 0.015000
0 0.334125 0.423562 0.023203 0.013125
0 0.489691 0.428250 0.007383 0.018750
0 0.225466 0.418594 0.027475 0.016875
0 0.108499 0.421875 0.056165 0.030000
0 0.031387 0.419812 0.061678 0.039375
0 0.160455 0.411094 0.054032 0.050625
2 0.277130 0.399375 0.074334 0.054375
0 0.471181 0.442031 0.029531 0.045000
0 0.505337 0.432392 0.009735 0.018223
2 0.040880 0.399718 0.074334 0.087063
