0 0.380963 0.504748 0.007014 0.012469
0 0.390208 0.504748 0.012752 0.012469
0 0.402322 0.501347 0.011477 0.005668
0 0.407742 0.508715 0.021041 0.018136
0 0.426869 0.504181 0.018490 0.009068
0 0.429739 0.512682 0.028054 0.017003
0 0.330684 0.532341 0.032517 0.046474
0 0.378503 0.555577 0.084800 0.088413
0 0.527163 0.523111 0.012752 0.014736
0 0.543103 0.523111 0.017853 0.021537
0 0.565737 0.525944 0.010839 0.018136
0 0.581677 0.525944 0.026141 0.022670
0 0.614832 0.529345 0.021041 0.024937
0 0.643524 0.519143 0.013389 0.011335
0 0.654044 0.533312 0.024229 0.028338
0 0.603674 0.535012 0.024229 0.027204
0 0.308596 0.517443 0.020403 0.032872
0 0.289468 0.521410 0.033155 0.036272
0 0.260457 0.528778 0.035068 0.053275
0 0.153979 0.511209 0.060571 0.047607
0 0.123374 0.516876 0.065672 0.036272
0 0.224433 0.538413 0.103290 0.069144
0 0.469269 0.614924 0.151747 0.217632
0 0.739291 0.566750 0.161311 0.116751
0 0.950868 0.670919 0.094364 0.198363
