0 0.863047 0.453984 0.022412 0.021094
0 0.924351 0.451640 0.029004 0.025781
0 0.682432 0.441093 0.046143 0.065625
0 0.220347 0.414140 0.023730 0.025781
0 0.198594 0.439922 0.051416 0.058594
0 0.093785 0.437578 0.042187 0.044531
0 0.478086 0.441093 0.054053 0.046875
0 0.574986 0.452812 0.058008 0.079687
0 0.155748 0.442265 0.052734 0.063281
0 0.045665 0.439922 0.067236 0.091406
0 0.008091 0.444609 0.015820 0.049219
2 0.393052 0.442265 0.121289 0.138281
0 0.612453 0.448236 0.019735 0.018305
0 0.627469 0.448236 0.013729 0.015254
