0 0.290229 0.589047 0.045071 0.066043
0 0.256631 0.588562 0.032506 0.053417
0 0.146139 0.605801 0.051900 0.070414
0 0.087410 0.581116 0.125652 0.127878
0 0.340763 0.597788 0.028681 0.038849
0 0.404682 0.591718 0.034145 0.060701
0 0.375317 0.600216 0.024584 0.033993
0 0.444699 0.583220 0.010926 0.014568
0 0.464503 0.586862 0.017755 0.021853
0 0.486356 0.585648 0.031413 0.043705
0 0.515720 0.585648 0.027316 0.043705
0 0.550547 0.589290 0.058729 0.094694
0 0.593296 0.589290 0.051900 0.118975
2 0.671556 0.596678 0.165260 0.177040
0 0.211696 0.597060 0.081947 0.070414
