0 0.642089 0.703964 0.419296 0.439479
0 0.177040 0.576491 0.049168 0.067986
0 0.027486 0.576491 0.042339 0.038849
0 0.073240 0.574063 0.032779 0.029137
0 0.108068 0.575277 0.017755 0.026709
0 0.151090 0.676041 0.002732 0.019424
0 0.125140 0.578919 0.013658 0.019424
0 0.139481 0.578919 0.009560 0.019424
0 0.387370 0.605627 0.114726 0.101978
0 0.282205 0.795016 0.002732 0.019424
0 0.277425 0.583775 0.050534 0.053417
0 0.252158 0.578919 0.019121 0.038849
0 0.239866 0.582561 0.016389 0.026709
0 0.228257 0.580133 0.017755 0.021853
0 0.220062 0.572849 0.020487 0.021853
0 0.211867 0.592273 0.015024 0.007284
