0 0.153241 0.543123 0.013665 0.020823
0 0.162026 0.543991 0.007808 0.015617
0 0.175691 0.548329 0.019521 0.038175
0 0.200580 0.550064 0.036114 0.055527
2 0.240599 0.563946 0.059540 0.100643
0 0.247919 0.582165 0.056611 0.102378
0 0.346013 0.571754 0.174715 0.268959
0 0.474853 0.688881 0.229374 0.246401
0 0.633116 0.607386 0.106674 0.097052
0 0.107367 0.540520 0.025378 0.046851
0 0.087845 0.554402 0.046851 0.064203
0 0.757828 0.726474 0.482069 0.539081
0 0.122480 0.541872 0.011701 0.018721
0 0.133010 0.535979 0.009361 0.016641
