4 0.931815 0.569020 0.135231 0.540569
0 0.922213 0.363462 0.152835 0.120917
0 0.297253 0.420160 0.073095 0.080856
0 0.482427 0.389840 0.047106 0.051979
0 0.392276 0.388396 0.022741 0.025989
0 0.141317 0.446872 0.100709 0.099626
0 0.197356 0.429546 0.037360 0.070749
0 0.230655 0.423048 0.048730 0.066417
0 0.257457 0.409332 0.042233 0.059198
0 0.331770 0.402834 0.034923 0.069305
0 0.462528 0.386952 0.021928 0.046203
0 0.449940 0.384786 0.014619 0.036096
0 0.445067 0.380455 0.019492 0.027433
0 0.361008 0.394171 0.017055 0.023102
0 0.372784 0.390562 0.014619 0.024545
0 0.422732 0.379011 0.015431 0.024545
