0 0.374152 0.556494 0.014813 0.006930
0 0.374152 0.562038 0.017932 0.006930
0 0.372982 0.569661 0.020271 0.013860
0 0.370643 0.591838 0.020271 0.038809
0 0.395202 0.558573 0.017932 0.030493
0 0.398321 0.566889 0.016373 0.024949
0 0.404168 0.577284 0.023389 0.029107
0 0.404168 0.583521 0.020271 0.030493
0 0.409626 0.588372 0.026508 0.026335
0 0.353179 0.549009 0.012474 0.006930
0 0.353959 0.559404 0.014034 0.016632
0 0.349281 0.565641 0.017152 0.018018
0 0.346163 0.564255 0.021830 0.012474
0 0.340315 0.573265 0.021050 0.024949
0 0.324333 0.590590 0.031186 0.062372
0 0.309129 0.603064 0.035084 0.056827
0 0.287299 0.619697 0.055355 0.076232
0 0.444554 0.632864 0.140336 0.121971
0 0.676654 0.648804 0.222199 0.134446
1 0.921736 0.626488 0.155149 0.203747
0 0.912008 0.848211 0.173861 0.297998
3 0.835780 0.675000 0.045219 0.047125
