0 0.418579 0.473437 0.019775 0.032812
0 0.403418 0.475781 0.015820 0.046875
0 0.388257 0.481640 0.027686 0.053906
0 0.370459 0.485156 0.036914 0.051562
0 0.348047 0.491015 0.036914 0.086719
0 0.328271 0.501562 0.039551 0.103125
0 0.477246 0.476015 0.010547 0.035156
0 0.484497 0.477187 0.014502 0.032812
0 0.497021 0.486562 0.018457 0.042187
0 0.520092 0.491250 0.030322 0.065625
0 0.551074 0.499453 0.060644 0.077344
0 0.620288 0.525234 0.101514 0.152344
0 0.723779 0.559218 0.203027 0.239062
0 0.449560 0.479531 0.044824 0.075000
0 0.257739 0.506484 0.143701 0.161719
0 0.081050 0.575847 0.159956 0.381356
0 0.874445 0.619000 0.248222 0.379186
