0 0.438807 0.565932 0.008581 0.021356
0 0.433659 0.569746 0.008581 0.019831
0 0.442239 0.566695 0.006864 0.022881
0 0.448246 0.562881 0.012013 0.024407
0 0.464978 0.556780 0.012871 0.015254
0 0.473129 0.566695 0.015445 0.022881
0 0.413066 0.568220 0.010297 0.022881
0 0.031426 0.618341 0.061780 0.071695
0 0.394188 0.572797 0.010297 0.016780
0 0.403927 0.572034 0.009439 0.019831
0 0.424521 0.570508 0.016303 0.022881
0 0.456912 0.571652 0.019735 0.025932
0 0.310614 0.581186 0.020593 0.021356
0 0.301605 0.583474 0.016303 0.019831
0 0.282299 0.585000 0.029174 0.025932
0 0.274576 0.585763 0.030890 0.027458
0 0.260418 0.588051 0.030032 0.028983
0 0.242399 0.590339 0.043761 0.030508
0 0.231245 0.597203 0.048909 0.032034
0 0.205074 0.593390 0.013729 0.033559
0 0.623231 0.563644 0.042903 0.038136
0 0.941425 0.535932 0.064354 0.079322
0 0.979608 0.526271 0.037754 0.097627
0 0.751867 0.554491 0.078083 0.045763
0 0.852259 0.541525 0.090095 0.062542
0 0.117338 0.633813 0.173326 0.201356
