0 0.115025 0.362143 0.012398 0.020204
0 0.109343 0.361224 0.017564 0.022041
0 0.100561 0.363061 0.020663 0.025714
0 0.079898 0.366735 0.024796 0.036735
0 0.063367 0.369490 0.018597 0.031224
0 0.043221 0.367653 0.027895 0.045918
0 0.027207 0.369490 0.022730 0.049592
0 0.015325 0.366122 0.029962 0.048980
0 0.157385 0.352653 0.014464 0.018367
0 0.140338 0.349898 0.011365 0.020204
0 0.168750 0.363980 0.014464 0.023878
0 0.190963 0.370408 0.017564 0.033061
0 0.168750 0.386020 0.014464 0.023878
0 0.177532 0.396122 0.021696 0.033061
0 0.146020 0.374082 0.016531 0.025714
0 0.203878 0.376837 0.012398 0.023878
0 0.209043 0.387857 0.014464 0.020204
0 0.233839 0.406224 0.014464 0.031224
0 0.247787 0.412653 0.019630 0.036735
0 0.263801 0.423673 0.028929 0.044082
0 0.283948 0.436531 0.036161 0.047755
0 0.327340 0.459490 0.046492 0.060612
0 0.398629 0.504490 0.003099 0.025714
0 0.364018 0.474184 0.064056 0.082653
0 0.423941 0.498367 0.107449 0.150612
0 0.219681 0.406865 0.030165 0.044301
