0 0.580259 0.427031 0.015820 0.028125
0 0.532798 0.424687 0.021094 0.037500
0 0.515000 0.425859 0.019775 0.039844
0 0.292198 0.425859 0.064600 0.039844
0 0.224302 0.462187 0.068555 0.060937
0 0.162339 0.462187 0.076465 0.075000
0 0.708799 0.435234 0.035596 0.039844
0 0.107627 0.455156 0.048779 0.075000
0 0.056212 0.450468 0.054053 0.070312
0 0.017229 0.450468 0.034459 0.075000
0 0.456992 0.401250 0.014502 0.018750
0 0.560484 0.398906 0.013184 0.018750
0 0.555210 0.457500 0.055371 0.098437
2 0.969175 0.411797 0.034277 0.035156
