0 0.048253 0.636874 0.092607 0.199294
0 0.326561 0.617812 0.085783 0.095315
0 0.376763 0.619545 0.034118 0.071053
0 0.397234 0.616945 0.028269 0.062388
0 0.457672 0.618678 0.022421 0.034660
0 0.482042 0.612613 0.020471 0.025995
0 0.723795 0.688864 0.149146 0.157702
0 0.929479 0.726990 0.135498 0.379525
0 0.653609 0.644673 0.080909 0.117843
0 0.610230 0.636874 0.033143 0.081451
1 0.572212 0.609147 0.033143 0.077985
0 0.546867 0.618678 0.013647 0.027728
0 0.536144 0.620411 0.015597 0.027728
0 0.524568 0.614222 0.010723 0.027728
0 0.504097 0.608156 0.010723 0.015597
