0 0.024680 0.778536 0.046639 0.284882
0 0.075504 0.631843 0.150679 0.199843
0 0.292554 0.615898 0.118391 0.167953
0 0.361316 0.601016 0.038268 0.087165
0 0.390615 0.584008 0.060989 0.087165
0 0.426491 0.573378 0.029897 0.048898
0 0.442037 0.569126 0.020330 0.040394
0 0.454594 0.562748 0.016742 0.027638
0 0.468944 0.559559 0.014350 0.021260
0 0.480903 0.556370 0.009567 0.019134
0 0.501830 0.554244 0.015546 0.023386
0 0.511995 0.553181 0.014350 0.025512
0 0.521562 0.557433 0.014350 0.025512
0 0.531129 0.549992 0.014350 0.031890
0 0.543088 0.557433 0.019134 0.038268
0 0.556840 0.560622 0.027505 0.044646
0 0.587335 0.564874 0.050226 0.061654
2 0.656097 0.565937 0.101649 0.140315
