0 0.581138 0.589918 0.023850 0.028832
0 0.540594 0.595006 0.026712 0.035616
0 0.564920 0.600942 0.021942 0.030528
0 0.496233 0.597550 0.027666 0.037312
0 0.518175 0.595006 0.014310 0.022048
0 0.467136 0.599246 0.032436 0.027136
0 0.314975 0.643342 0.130696 0.135678
0 0.664135 0.602638 0.018126 0.020352
0 0.642670 0.596702 0.017172 0.011872
0 0.710404 0.616206 0.019080 0.061055
0 0.456643 0.616489 0.051515 0.066143
0 0.766530 0.611401 0.103031 0.103455
0 0.148584 0.662824 0.297167 0.285883
0 0.618715 0.596261 0.028620 0.027136
