0 0.492092 0.544958 0.007722 0.018305
0 0.478792 0.546483 0.018877 0.024407
0 0.464205 0.544195 0.010297 0.022881
0 0.455196 0.544958 0.019735 0.027458
0 0.447902 0.553347 0.010297 0.028983
0 0.431170 0.551059 0.028316 0.039661
0 0.279295 0.621229 0.170752 0.173898
0 0.502818 0.551822 0.018877 0.019831
0 0.516547 0.549534 0.006864 0.012203
0 0.530275 0.550297 0.008581 0.013729
0 0.542717 0.553347 0.009439 0.013729
0 0.562452 0.555635 0.036896 0.042712
0 0.601494 0.576229 0.036038 0.065593
0 0.638390 0.589195 0.053199 0.094576
0 0.683437 0.605974 0.088379 0.140339
0 0.746795 0.652554 0.128708 0.175424
0 0.889232 0.773063 0.217945 0.303559
