0 0.377232 0.423515 0.015820 0.039844
0 0.363389 0.417656 0.017139 0.046875
0 0.352842 0.424687 0.027686 0.046875
0 0.336363 0.427031 0.034277 0.056250
0 0.334385 0.445781 0.022412 0.075000
0 0.299449 0.444609 0.055371 0.147656
0 0.243418 0.445781 0.130517 0.187500
0 0.464243 0.424687 0.015820 0.042187
0 0.488633 0.420000 0.051416 0.065625
0 0.524888 0.441093 0.079102 0.121875
0 0.599375 0.461015 0.151611 0.161719
2 0.441172 0.423515 0.030322 0.053906
2 0.406895 0.407109 0.051416 0.110156
2 0.112901 0.482109 0.225439 0.283594
0 0.822837 0.531994 0.353320 0.406801
