0 0.072691 0.616640 0.145019 0.471093
0 0.066758 0.445312 0.133154 0.150000
0 0.097740 0.419531 0.076465 0.103125
0 0.129380 0.427734 0.063281 0.114844
0 0.176841 0.413672 0.052734 0.072656
0 0.196617 0.398437 0.023730 0.042187
0 0.225621 0.407812 0.050098 0.070312
0 0.286265 0.414843 0.084375 0.121875
0 0.337022 0.390234 0.035596 0.053906
0 0.364707 0.364453 0.017139 0.021094
0 0.381846 0.363281 0.017139 0.018750
0 0.398326 0.453515 0.116016 0.171094
0 0.476768 0.393750 0.040869 0.070312
0 0.449742 0.399609 0.023730 0.053906
0 0.430625 0.373828 0.014502 0.025781
0 0.595420 0.452343 0.133154 0.159375
0 0.400303 0.363281 0.014502 0.018750
