0 0.064265 0.574158 0.034100 0.051295
0 0.097709 0.572992 0.072134 0.053627
0 0.030821 0.573199 0.061642 0.086683
0 0.163941 0.568329 0.065576 0.058290
0 0.353129 0.562500 0.028854 0.037306
0 0.513791 0.548510 0.011804 0.013990
0 0.504611 0.554339 0.009181 0.030311
0 0.494774 0.549676 0.023608 0.048964
0 0.493463 0.560168 0.018361 0.032642
0 0.479036 0.552008 0.015738 0.058290
0 0.468544 0.552008 0.020984 0.072280
0 0.431747 0.512241 0.056167 0.061908
0 0.243566 0.570317 0.032119 0.038066
0 0.292891 0.573716 0.023707 0.033988
0 0.419071 0.573716 0.064237 0.082931
0 0.524221 0.565559 0.019118 0.025831
0 0.728403 0.626737 0.174358 0.197130
0 0.799523 0.557402 0.055825 0.101964
0 0.899703 0.569637 0.171299 0.145468
0 0.944057 0.600227 0.110121 0.154985
0 0.556722 0.549924 0.019118 0.046224
0 0.580046 0.550604 0.041295 0.074773
0 0.595723 0.563520 0.045119 0.062538
0 0.617044 0.536617 0.022360 0.034772
2 0.547545 0.543807 0.025236 0.069335
3 0.265361 0.588620 0.026001 0.074874
3 0.892778 0.635673 0.087179 0.111480
3 0.902337 0.653270 0.087944 0.144262
0 0.666525 0.565163 0.112334 0.147781
2 0.442981 0.560170 0.058413 0.081879
