0 0.453037 0.565312 0.017139 0.023437
0 0.439195 0.568828 0.018457 0.030469
0 0.426670 0.573515 0.027686 0.049219
0 0.407554 0.578203 0.034277 0.058594
0 0.376573 0.593437 0.051416 0.089062
0 0.327134 0.608671 0.076465 0.128906
0 0.250669 0.636796 0.137109 0.180469
0 0.489292 0.562968 0.013184 0.028125
0 0.504453 0.561796 0.019775 0.049219
0 0.516978 0.560625 0.026367 0.056250
0 0.548618 0.572343 0.052734 0.084375
0 0.597398 0.595781 0.081738 0.098437
0 0.122698 0.704765 0.245396 0.311719
0 0.837339 0.659062 0.324316 0.379687
0 0.971811 0.789140 0.055371 0.335156
