0 0.215142 0.338733 0.019716 0.020619
0 0.151933 0.341826 0.039433 0.035052
0 0.100902 0.343888 0.025515 0.030928
0 0.069008 0.339764 0.024356 0.018557
0 0.027255 0.335641 0.054510 0.035052
0 0.016817 0.402651 0.033634 0.115464
0 0.276031 0.345361 0.011598 0.018557
0 0.287049 0.345655 0.012758 0.018557
0 0.307345 0.349779 0.011598 0.018557
0 0.339820 0.349779 0.011598 0.018557
0 0.357217 0.346981 0.016237 0.016495
0 0.365335 0.355228 0.011598 0.020619
0 0.426224 0.364507 0.022036 0.035052
0 0.244137 0.391311 0.091624 0.109278
