0 0.499839 0.482109 0.007910 0.021094
0 0.493907 0.492656 0.014502 0.032812
0 0.481382 0.490312 0.013184 0.028125
0 0.457652 0.503203 0.047461 0.096094
0 0.727915 0.416484 0.034277 0.039844
0 0.756260 0.411797 0.051416 0.049219
0 0.818223 0.407109 0.125244 0.053906
0 0.815586 0.476250 0.112060 0.070312
0 0.730552 0.487968 0.031641 0.046875
0 0.895347 0.476250 0.055371 0.070312
0 0.708799 0.483281 0.017139 0.028125
0 0.398326 0.512578 0.105469 0.114844
0 0.563780 0.482109 0.127881 0.232031
0 0.948740 0.463359 0.101514 0.091406
0 0.950718 0.373125 0.097559 0.089062
