0 0.203517 0.543740 0.106228 0.153324
0 0.622120 0.547479 0.110435 0.130886
0 0.773048 0.588615 0.246113 0.250554
0 0.353394 0.633865 0.311323 0.408366
3 0.508003 0.527286 0.008414 0.035526
3 0.514314 0.522611 0.010518 0.048615
3 0.516417 0.524481 0.008414 0.044875
3 0.508529 0.526351 0.005259 0.029917
3 0.521150 0.528220 0.009466 0.052355
3 0.525883 0.530090 0.006311 0.059834
3 0.532194 0.532895 0.012621 0.065443
3 0.556384 0.548788 0.025242 0.063573
3 0.537453 0.531960 0.021035 0.067313
0 0.474347 0.484841 0.012621 0.031787
0 0.925179 0.697972 0.146196 0.299169
