0 0.349473 0.476349 0.100626 0.128968
0 0.402126 0.465948 0.028082 0.074884
0 0.439569 0.436826 0.032762 0.041602
0 0.450099 0.428506 0.030422 0.045763
0 0.465895 0.420185 0.022231 0.041602
0 0.478766 0.417065 0.012871 0.031202
0 0.524399 0.416025 0.010531 0.024961
0 0.532004 0.422265 0.011701 0.029122
0 0.547215 0.425386 0.021061 0.039522
0 0.554235 0.432666 0.018721 0.041602
0 0.574712 0.437866 0.036272 0.056163
0 0.602208 0.451387 0.032762 0.070724
0 0.636140 0.456587 0.065524 0.089445
0 0.933923 0.645879 0.129878 0.293298
3 0.086169 0.552265 0.081827 0.143545
3 0.230379 0.497842 0.049649 0.090141
0 0.506348 0.416025 0.012871 0.014561
0 0.497514 0.418937 0.009361 0.016641
0 0.022454 0.688167 0.043660 0.311858
