0 0.161681 0.446882 0.067447 0.058677
0 0.347399 0.423071 0.017938 0.021260
0 0.467584 0.411378 0.009567 0.014882
0 0.460409 0.414567 0.009567 0.017008
0 0.450842 0.418819 0.004783 0.017008
0 0.428718 0.426260 0.008371 0.019134
0 0.421543 0.424134 0.008371 0.023386
0 0.391048 0.420945 0.009567 0.012756
0 0.496285 0.387992 0.055010 0.070157
0 0.472367 0.463465 0.026309 0.093543
0 0.445939 0.419882 0.013155 0.019134
0 0.416162 0.427323 0.014350 0.021260
0 0.356966 0.436890 0.029897 0.040394
0 0.524985 0.461339 0.100453 0.148819
