0 0.509727 0.558281 0.022412 0.037500
0 0.426670 0.557109 0.014502 0.021094
0 0.406236 0.582890 0.029004 0.067969
0 0.377232 0.598125 0.052734 0.093750
0 0.316587 0.615703 0.089648 0.147656
0 0.165635 0.655546 0.254443 0.269531
0 0.539390 0.562968 0.021094 0.032812
0 0.549937 0.567656 0.018457 0.056250
0 0.559165 0.578203 0.026367 0.058594
0 0.582896 0.580546 0.052734 0.082031
0 0.643540 0.570000 0.031641 0.046875
0 0.889414 0.599296 0.162158 0.105469
0 0.460288 0.598125 0.089648 0.135937
0 0.606626 0.599296 0.071191 0.091406
0 0.793174 0.691875 0.254443 0.257812
0 0.024480 0.717656 0.048961 0.393750
