0 0.477075 0.535748 0.011807 0.019134
0 0.466986 0.535748 0.017938 0.019134
0 0.449646 0.538937 0.014350 0.021260
0 0.442471 0.544252 0.016742 0.023386
0 0.423935 0.544677 0.013155 0.034016
0 0.410780 0.548929 0.010763 0.042520
0 0.396430 0.552118 0.020330 0.040394
0 0.380286 0.553181 0.014350 0.059528
0 0.365337 0.557433 0.015546 0.059528
0 0.350389 0.562748 0.016742 0.061654
0 0.647920 0.612071 0.081319 0.138189
0 0.586333 0.586134 0.063381 0.074409
0 0.559426 0.570189 0.026309 0.059528
0 0.541488 0.557433 0.021526 0.059528
0 0.530726 0.559559 0.021526 0.055276
0 0.517571 0.553181 0.014350 0.042520
0 0.513385 0.546803 0.015546 0.034016
0 0.503819 0.541488 0.008371 0.027638
0 0.173401 0.607819 0.346801 0.448583
0 0.772889 0.634394 0.233194 0.267874
0 0.488716 0.536090 0.007651 0.015302
