0 0.629614 0.641393 0.036896 0.064068
2 0.690965 0.596393 0.101250 0.163220
2 0.857427 0.580376 0.097818 0.207458
0 0.746309 0.623088 0.016303 0.030508
0 0.757464 0.622325 0.012871 0.019831
0 0.765615 0.620037 0.010297 0.024407
0 0.775483 0.619274 0.014587 0.019831
0 0.784063 0.610884 0.012871 0.015254
0 0.806802 0.606308 0.010297 0.030508
0 0.807660 0.591054 0.008581 0.021356
0 0.797363 0.576562 0.008581 0.013729
0 0.795218 0.590291 0.011155 0.013729
0 0.951812 0.585715 0.090953 0.096102
0 0.948380 0.661986 0.101250 0.181525
0 0.986134 0.782495 0.025742 0.169322
