0 0.313766 0.534008 0.012342 0.023629
0 0.294588 0.536371 0.010443 0.027004
0 0.284620 0.539747 0.013291 0.030380
0 0.270854 0.541434 0.012342 0.033755
0 0.254525 0.535527 0.017658 0.045570
0 0.177911 0.538903 0.022785 0.048945
0 0.151804 0.549029 0.021835 0.052321
0 0.127595 0.549029 0.026582 0.055696
0 0.230696 0.539240 0.034177 0.042194
0 0.380063 0.535865 0.024684 0.035443
0 0.428956 0.539240 0.006646 0.015190
0 0.590380 0.559493 0.073165 0.092827
0 0.780603 0.625147 0.174498 0.166751
0 0.364842 0.538396 0.012342 0.016878
0 0.416582 0.537553 0.005696 0.015190
0 0.410886 0.537553 0.005696 0.015190
0 0.403766 0.538396 0.008544 0.016878
0 0.394747 0.534177 0.009494 0.025316
0 0.443164 0.536709 0.011392 0.020253
0 0.454557 0.541772 0.009494 0.023629
0 0.462152 0.543460 0.007595 0.016878
0 0.466899 0.545991 0.007595 0.018565
0 0.478766 0.544304 0.012342 0.028692
0 0.491107 0.550211 0.012342 0.027004
0 0.505348 0.552742 0.018038 0.038819
0 0.520538 0.554430 0.021835 0.048945
0 0.541139 0.562025 0.036076 0.050633
0 0.670253 0.599156 0.075000 0.106329
0 0.376614 0.497721 0.004747 0.015190
