0 0.338826 0.345254 0.027547 0.021221
0 0.083023 0.334099 0.053104 0.030472
1 0.138499 0.307437 0.037647 0.048972
0 0.028465 0.329746 0.054175 0.045707
0 0.366570 0.325548 0.019283 0.032648
0 0.381721 0.333710 0.016528 0.016324
0 0.433142 0.338608 0.020201 0.026119
0 0.490946 0.341445 0.033056 0.031016
0 0.514820 0.347975 0.029383 0.034281
0 0.216768 0.430256 0.224966 0.218742
0 0.356338 0.347819 0.039484 0.053869
0 0.408677 0.344554 0.041320 0.050605
0 0.456884 0.338025 0.029383 0.037545
0 0.638628 0.235883 0.039484 0.031016
0 0.654238 0.239148 0.022956 0.027751
0 0.679030 0.238331 0.041320 0.039178
1 0.573565 0.316803 0.100087 0.128960
