0 0.451972 0.529897 0.015077 0.020619
0 0.465889 0.532990 0.012758 0.022680
0 0.475168 0.537113 0.008119 0.030928
0 0.481546 0.536083 0.013918 0.037113
0 0.499523 0.543299 0.024356 0.055670
0 0.402101 0.528866 0.015077 0.014433
0 0.363827 0.535052 0.017397 0.022680
0 0.347010 0.534021 0.023196 0.037113
0 0.519240 0.546392 0.019716 0.065979
0 0.564820 0.550103 0.090464 0.127835
0 0.687178 0.603437 0.184407 0.222680
0 0.980606 0.735395 0.035954 0.210309
0 0.082744 0.577732 0.163893 0.131959
0 0.182668 0.565361 0.077706 0.090722
0 0.228943 0.551959 0.055670 0.084536
0 0.327526 0.541650 0.034794 0.039175
0 0.382732 0.534021 0.023196 0.024742
0 0.430632 0.528866 0.017397 0.018557
0 0.292964 0.538144 0.030155 0.041237
0 0.263969 0.530928 0.041753 0.043299
