2 0.032286 0.489031 0.064573 0.188265
0 0.370389 0.444643 0.010332 0.016837
0 0.401815 0.427041 0.018080 0.018367
0 0.395788 0.429337 0.011193 0.013776
0 0.394927 0.440817 0.011193 0.018367
0 0.389331 0.414796 0.010332 0.012245
0 0.384165 0.422449 0.012054 0.018367
0 0.416021 0.419388 0.010332 0.018367
0 0.414299 0.423214 0.006888 0.010714
0 0.417743 0.427806 0.017219 0.022959
0 0.428935 0.430102 0.015497 0.015306
0 0.341977 0.456888 0.010332 0.016837
0 0.324327 0.485204 0.016358 0.021429
0 0.326910 0.476021 0.018080 0.015306
0 0.372111 0.474490 0.015497 0.024490
0 0.362985 0.446939 0.010332 0.018367
0 0.353514 0.469133 0.015497 0.019898
0 0.386662 0.489796 0.028412 0.039796
0 0.437459 0.489031 0.076626 0.114796
0 0.397424 0.461480 0.024107 0.016837
0 0.394410 0.472194 0.014636 0.016837
2 0.463116 0.459184 0.043909 0.073469
