0 0.023883 0.408120 0.047766 0.129974
0 0.641911 0.441913 0.077010 0.110911
0 0.907546 0.431515 0.060438 0.065854
0 0.689189 0.434981 0.021446 0.079718
0 0.702836 0.424583 0.009748 0.058922
0 0.713559 0.424583 0.011698 0.045058
0 0.713072 0.410719 0.028269 0.048524
0 0.757913 0.413319 0.038018 0.053723
2 0.727694 0.389923 0.032169 0.058922
0 0.873428 0.428049 0.017547 0.048524
0 0.862218 0.423716 0.018521 0.036393
0 0.855881 0.417651 0.029244 0.045058
0 0.838335 0.417651 0.011698 0.031194
0 0.830536 0.411586 0.011698 0.025995
0 0.821763 0.407253 0.013647 0.031194
1 0.807141 0.395989 0.019496 0.029461
