0 0.279782 0.539445 0.005764 0.011528
0 0.283745 0.540726 0.007925 0.011528
0 0.272217 0.543288 0.010807 0.016651
0 0.264653 0.542007 0.011528 0.024336
0 0.257448 0.540726 0.012968 0.026898
0 0.249883 0.540085 0.006484 0.028178
0 0.244840 0.538805 0.009366 0.033302
0 0.232952 0.534962 0.023055 0.038425
0 0.205934 0.535603 0.035303 0.083254
0 0.158143 0.538164 0.085736 0.111433
0 0.053855 0.546917 0.107350 0.224146
0 0.007745 0.614801 0.015130 0.134488
0 0.291190 0.546063 0.007925 0.015370
0 0.297674 0.548624 0.007925 0.017932
0 0.308481 0.545422 0.018012 0.032021
0 0.327213 0.546063 0.030980 0.040987
0 0.347747 0.550546 0.025937 0.075569
0 0.370081 0.556950 0.050433 0.088378
0 0.389774 0.571039 0.048992 0.103748
0 0.414750 0.571679 0.069165 0.140892
0 0.470947 0.595375 0.138330 0.180598
0 0.601304 0.656684 0.273778 0.267695
