0 0.125804 0.483296 0.251607 0.382048
0 0.315655 0.428903 0.008603 0.013255
0 0.308486 0.430433 0.006883 0.016314
0 0.348142 0.427228 0.006883 0.015295
0 0.422990 0.410914 0.008603 0.005098
0 0.386283 0.421620 0.005162 0.012236
0 0.408078 0.411424 0.006309 0.008157
0 0.416681 0.432836 0.028104 0.044864
0 0.535310 0.448131 0.024089 0.064237
0 0.552811 0.448640 0.041886 0.081571
0 0.732036 0.466994 0.212212 0.285498
0 0.869986 0.575755 0.258669 0.542447
0 0.591821 0.462006 0.075135 0.116419
0 0.478833 0.464135 0.109547 0.179456
0 0.296454 0.428361 0.015310 0.019052
0 0.329371 0.428361 0.016841 0.021774
