0 0.445280 0.540284 0.027592 0.046919
0 0.420688 0.542417 0.031191 0.029858
0 0.496865 0.539218 0.017995 0.019194
0 0.540652 0.533886 0.009597 0.017062
0 0.392496 0.531753 0.020394 0.021327
0 0.372702 0.531753 0.019194 0.021327
0 0.283928 0.534952 0.026392 0.036256
0 0.342711 0.534952 0.026392 0.031991
0 0.238342 0.533886 0.028791 0.034123
0 0.215548 0.536019 0.026392 0.034123
0 0.184958 0.531753 0.049185 0.046919
0 0.132773 0.524289 0.057583 0.057583
0 0.098583 0.528554 0.068380 0.053318
0 0.076390 0.529620 0.052784 0.051185
0 0.030997 0.520023 0.061994 0.061848
