0 0.432684 0.479502 0.011996 0.014929
0 0.423087 0.485900 0.011996 0.019194
0 0.392496 0.492298 0.015595 0.023460
0 0.453678 0.480568 0.013196 0.012796
0 0.469873 0.500829 0.016795 0.027725
0 0.481270 0.479502 0.015595 0.023460
0 0.514260 0.501895 0.031191 0.029858
0 0.489067 0.512559 0.043187 0.034123
0 0.449479 0.506161 0.016795 0.029858
0 0.410491 0.511493 0.027592 0.040521
0 0.366104 0.510426 0.034790 0.038389
0 0.330114 0.509360 0.025193 0.031991
0 0.258136 0.527488 0.073178 0.081043
3 0.736794 0.532820 0.039588 0.040521
2 0.031403 0.491232 0.061182 0.119431
