1 0.678441 0.517119 0.108114 0.057966
0 0.536863 0.537712 0.013729 0.053390
0 0.553166 0.530847 0.022309 0.036610
0 0.423600 0.494237 0.020593 0.024407
0 0.436471 0.510254 0.029174 0.032034
0 0.704612 0.590339 0.054057 0.100678
0 0.160178 0.443136 0.025742 0.022881
0 0.182917 0.458390 0.048909 0.032034
0 0.357101 0.446949 0.012871 0.015254
0 0.353669 0.454576 0.011155 0.012203
0 0.352811 0.461441 0.016303 0.016780
0 0.349379 0.471356 0.021451 0.015254
0 0.337795 0.477458 0.013729 0.015254
0 0.331789 0.433983 0.013729 0.010678
0 0.329214 0.443898 0.013729 0.015254
0 0.316344 0.444661 0.015445 0.016780
0 0.306905 0.454576 0.015445 0.012203
0 0.291889 0.460678 0.012871 0.012203
0 0.273870 0.462203 0.023167 0.021356
0 0.329214 0.456864 0.010297 0.016780
0 0.313340 0.472119 0.011155 0.022881
0 0.398716 0.419491 0.012013 0.015254
0 0.498679 0.549152 0.072934 0.128136
0 0.057641 0.498813 0.098676 0.088475
0 0.029035 0.497288 0.058070 0.085424
0 0.610941 0.608644 0.161314 0.216610
0 0.871645 0.640678 0.211939 0.225763
0 0.770824 0.548390 0.034322 0.016780
0 0.988340 0.588051 0.019735 0.013729
