0 0.385142 0.496172 0.015820 0.025781
0 0.397666 0.493828 0.014502 0.021094
0 0.354820 0.514922 0.018457 0.044531
0 0.340977 0.517265 0.022412 0.044531
0 0.318565 0.518437 0.040869 0.070312
0 0.473472 0.502031 0.013184 0.028125
0 0.484678 0.505547 0.017139 0.030469
0 0.497862 0.507890 0.022412 0.044531
0 0.513023 0.511406 0.029004 0.056250
0 0.530821 0.517265 0.038232 0.067969
0 0.556529 0.530156 0.036914 0.075000
1 0.358775 0.486797 0.047461 0.082031
0 0.289561 0.533672 0.064600 0.082031
0 0.594761 0.534843 0.081738 0.084375
0 0.424034 0.499687 0.011865 0.018750
0 0.439195 0.497343 0.015820 0.023437
