0 0.514369 0.356907 0.017397 0.022680
0 0.474356 0.362062 0.013918 0.020619
0 0.463918 0.362062 0.009278 0.024742
0 0.451740 0.364124 0.017397 0.028866
0 0.437242 0.367217 0.016237 0.039175
0 0.420425 0.368247 0.019716 0.045361
0 0.400709 0.372371 0.028995 0.049485
0 0.380992 0.374433 0.026675 0.070103
0 0.341327 0.379588 0.075851 0.088660
0 0.046392 0.398144 0.092784 0.117526
0 0.531302 0.357938 0.010438 0.024742
0 0.537101 0.360000 0.010438 0.028866
0 0.555657 0.361031 0.035954 0.043299
0 0.571894 0.366186 0.028995 0.061856
0 0.607268 0.372371 0.062629 0.094845
0 0.908873 0.469588 0.180580 0.442268
