0 0.471880 0.425248 0.017598 0.021900
0 0.437123 0.422119 0.021998 0.031286
0 0.419964 0.429159 0.024638 0.026593
0 0.396646 0.435416 0.029038 0.035979
0 0.371128 0.435416 0.046636 0.045365
0 0.321413 0.444020 0.065114 0.071958
0 0.202183 0.467484 0.129349 0.115759
0 0.485518 0.440891 0.025518 0.031286
2 0.516756 0.418209 0.033437 0.051622
0 0.519396 0.441673 0.012319 0.026593
0 0.545216 0.441673 0.041082 0.045365
0 0.608268 0.444020 0.089752 0.153302
0 0.674702 0.465920 0.157507 0.184589
0 0.877965 0.612183 0.241979 0.499015
