0 0.449731 0.475902 0.006889 0.012248
0 0.448965 0.484748 0.006889 0.010887
0 0.533170 0.508564 0.014544 0.023135
0 0.554987 0.516048 0.019903 0.048992
0 0.628858 0.531018 0.022199 0.065323
0 0.420642 0.521492 0.013013 0.024496
0 0.407246 0.521492 0.018372 0.040827
0 0.379688 0.514688 0.035213 0.068044
0 0.442076 0.494342 0.012248 0.023135
0 0.363612 0.539252 0.037509 0.047631
0 0.586372 0.535849 0.068129 0.092540
0 0.669429 0.530236 0.079612 0.098324
0 0.836116 0.553541 0.186782 0.179637
2 0.518396 0.486517 0.024496 0.050353
2 0.474227 0.507271 0.040571 0.078251
0 0.939114 0.596477 0.119418 0.224546
