0 0.389001 0.460274 0.030088 0.048396
0 0.350452 0.466642 0.021764 0.050943
0 0.320944 0.467916 0.042984 0.073868
0 0.297303 0.478104 0.044416 0.078962
0 0.234977 0.481925 0.103160 0.112076
0 0.527503 0.458066 0.012895 0.038208
0 0.543130 0.463161 0.021759 0.043302
0 0.618485 0.487359 0.054446 0.096793
0 0.680811 0.497123 0.107459 0.170661
0 0.831015 0.539151 0.270319 0.259812
0 0.488586 0.483700 0.073564 0.110904
2 0.590832 0.440236 0.083196 0.145189
0 0.367643 0.468014 0.024089 0.046903
0 0.432454 0.459856 0.016059 0.022432
