0 0.059095 0.580715 0.116231 0.192857
0 0.948304 0.570000 0.100733 0.088776
0 0.145934 0.571684 0.073182 0.064286
0 0.313393 0.550255 0.018941 0.018367
0 0.293160 0.557908 0.024968 0.039796
0 0.260874 0.556378 0.041327 0.048980
0 0.234184 0.564796 0.036161 0.044388
0 0.189413 0.562500 0.058546 0.061225
0 0.392602 0.547194 0.015497 0.015306
0 0.413696 0.542602 0.016358 0.027551
0 0.559630 0.548725 0.017219 0.030612
0 0.588903 0.547194 0.012054 0.024490
0 0.596652 0.551021 0.010332 0.032143
0 0.606123 0.551786 0.012054 0.039796
0 0.616885 0.555612 0.018080 0.047449
0 0.713313 0.555612 0.028412 0.038265
0 0.522609 0.554082 0.037883 0.053571
0 0.353428 0.557908 0.073182 0.094898
1 0.664238 0.535715 0.078348 0.117857
