0 0.927553 0.621711 0.141988 0.241205
0 0.827109 0.570291 0.130419 0.153324
0 0.748858 0.556268 0.058899 0.065443
0 0.621068 0.560007 0.041019 0.054224
0 0.598455 0.534765 0.025242 0.044875
0 0.617913 0.520741 0.011569 0.016828
0 0.567323 0.521115 0.008414 0.016828
0 0.560486 0.529529 0.009466 0.018698
0 0.546813 0.540748 0.015776 0.014958
0 0.524621 0.559259 0.017670 0.026551
0 0.541555 0.568795 0.030501 0.029917
0 0.244536 0.617971 0.097814 0.084141
0 0.107280 0.643681 0.168283 0.131821
3 0.316582 0.603948 0.018932 0.054224
3 0.338458 0.600956 0.014725 0.052355
3 0.354235 0.600115 0.008414 0.043193
3 0.376532 0.596468 0.008414 0.031787
3 0.389154 0.595534 0.008414 0.029917
3 0.364227 0.563186 0.011569 0.030665
0 0.650202 0.543179 0.012621 0.028047
0 0.510633 0.551593 0.013673 0.028047
3 0.367066 0.594599 0.010518 0.046745
