0 0.470621 0.235399 0.019357 0.023824
0 0.457965 0.245988 0.011912 0.034412
0 0.435631 0.244664 0.050625 0.079412
0 0.476577 0.260546 0.031268 0.042353
0 0.498912 0.260546 0.037224 0.090000
0 0.582294 0.224811 0.034246 0.023824
0 0.591973 0.272458 0.041691 0.087353
0 0.614307 0.260546 0.026801 0.058235
0 0.705879 0.304223 0.061048 0.097941
0 0.733425 0.302899 0.056581 0.121765
0 0.257698 0.298929 0.087849 0.082059
1 0.370116 0.214223 0.062537 0.045000
1 0.402873 0.205147 0.050625 0.045000
0 0.160171 0.271324 0.107206 0.066177
0 0.058176 0.269811 0.061048 0.050294
0 0.165382 0.318782 0.132518 0.127059
0 0.355971 0.314811 0.144430 0.182647
0 0.542092 0.278698 0.078915 0.132353
2 0.876189 0.227080 0.246815 0.330883
0 0.907635 0.382311 0.184632 0.285883
