0 0.672054 0.343275 0.010915 0.013860
0 0.661919 0.340503 0.007796 0.016632
0 0.654123 0.343275 0.007796 0.013860
0 0.649055 0.344661 0.008576 0.013860
0 0.642818 0.348819 0.010135 0.011088
0 0.643597 0.360600 0.013254 0.018018
0 0.636970 0.348126 0.009356 0.009702
0 0.629174 0.362680 0.020271 0.036037
0 0.615530 0.370996 0.030406 0.044353
0 0.598378 0.353670 0.016373 0.020791
0 0.595259 0.356442 0.016373 0.015246
0 0.591361 0.362680 0.022610 0.019405
0 0.675563 0.359907 0.011695 0.016632
0 0.659970 0.370303 0.031965 0.048511
0 0.684529 0.341311 0.008576 0.012474
0 0.687257 0.345470 0.006237 0.009702
0 0.689986 0.351014 0.007017 0.012474
0 0.694664 0.355172 0.010135 0.015246
0 0.706359 0.359330 0.014813 0.020791
0 0.734036 0.362795 0.015593 0.024949
0 0.744172 0.364874 0.009356 0.029107
0 0.561735 0.362795 0.015593 0.024949
0 0.547701 0.361409 0.028067 0.036037
0 0.421788 0.360716 0.083422 0.070688
0 0.390213 0.365567 0.074846 0.069302
0 0.349281 0.362795 0.122404 0.083162
0 0.153338 0.322715 0.037423 0.018018
0 0.106949 0.325950 0.042881 0.025411
0 0.032493 0.341427 0.053016 0.047125
0 0.223117 0.396868 0.191013 0.130287
0 0.505348 0.419738 0.116167 0.145534
1 0.797456 0.340272 0.100574 0.192659
0 0.949486 0.381160 0.094337 0.146920
0 0.990418 0.392248 0.018711 0.152464
