0 0.466264 0.506784 0.010807 0.015370
0 0.457258 0.512548 0.010087 0.016651
0 0.451494 0.509986 0.008646 0.019213
0 0.441048 0.508705 0.020894 0.037144
0 0.439967 0.512548 0.015850 0.026898
0 0.430601 0.515750 0.023055 0.035863
0 0.420514 0.519592 0.018732 0.035863
0 0.406465 0.527918 0.016571 0.055076
0 0.378367 0.527064 0.058358 0.080693
0 0.477792 0.512334 0.010807 0.015370
0 0.488599 0.513615 0.012248 0.012808
0 0.496884 0.515536 0.008646 0.014089
0 0.510933 0.514255 0.020894 0.029459
0 0.530026 0.521300 0.015850 0.025617
0 0.558844 0.532827 0.018732 0.028178
0 0.570732 0.537310 0.007925 0.026898
0 0.589825 0.533468 0.014409 0.024336
2 0.738481 0.555242 0.139771 0.147296
0 0.935026 0.619284 0.128244 0.162666
0 0.229227 0.552808 0.180746 0.204934
