0 0.502863 0.482701 0.013196 0.025592
0 0.489067 0.491232 0.016795 0.025592
0 0.476471 0.489099 0.010797 0.025592
0 0.468673 0.492298 0.011996 0.027725
0 0.462675 0.497630 0.014396 0.029858
0 0.456077 0.504028 0.017995 0.034123
0 0.426086 0.492298 0.051585 0.087441
0 0.422487 0.521090 0.049185 0.051185
0 0.522057 0.481635 0.010797 0.019194
0 0.531055 0.482701 0.016795 0.029858
0 0.537053 0.492298 0.023993 0.023460
0 0.548450 0.502962 0.020394 0.044787
0 0.570643 0.511493 0.047986 0.057583
4 0.316918 0.571208 0.068380 0.108768
2 0.064393 0.496564 0.076777 0.155687
0 0.214949 0.591469 0.214736 0.213270
0 0.096977 0.721563 0.193955 0.409478
0 0.799175 0.589336 0.257923 0.332701
0 0.930478 0.578673 0.139043 0.567298
