0 0.262223 0.441913 0.140372 0.155969
0 0.097481 0.450578 0.171566 0.173299
0 0.201785 0.421117 0.033143 0.041592
0 0.347519 0.389057 0.036068 0.050257
0 0.368477 0.375193 0.017547 0.036393
0 0.387486 0.377792 0.022421 0.027728
0 0.403570 0.372593 0.011698 0.024262
0 0.409907 0.370860 0.008773 0.020796
0 0.418193 0.368261 0.009748 0.022529
0 0.445975 0.394256 0.059463 0.088383
0 0.893899 0.460109 0.206659 0.282478
0 0.620465 0.389923 0.117952 0.142105
0 0.559540 0.382125 0.054589 0.109178
0 0.508362 0.377792 0.030219 0.020796
0 0.496665 0.371727 0.024370 0.036393
0 0.477656 0.371727 0.011698 0.022529
