0 0.505102 0.288403 0.028003 0.027820
0 0.405856 0.284011 0.009060 0.010249
0 0.396796 0.281082 0.010707 0.013178
0 0.383618 0.281082 0.009060 0.010249
0 0.374147 0.278886 0.011531 0.020499
0 0.358086 0.278886 0.023885 0.020499
0 0.336260 0.281082 0.016472 0.021963
0 0.025345 0.253994 0.030474 0.052711
0 0.317317 0.275225 0.018120 0.030748
0 0.641410 0.310366 0.193550 0.183026
0 0.421093 0.284743 0.018120 0.026356
0 0.449919 0.286939 0.011531 0.013178
0 0.281078 0.262780 0.064242 0.073210
0 0.197481 0.258387 0.055182 0.061497
2 0.249369 0.247405 0.046946 0.074675
1 0.117178 0.212996 0.154840 0.140564
