0 0.011210 0.634275 0.022421 0.225289
0 0.082859 0.525096 0.165717 0.280745
0 0.233954 0.477439 0.089682 0.098781
0 0.831998 0.651605 0.334359 0.395122
0 0.637524 0.554557 0.179365 0.214891
0 0.538581 0.519898 0.077010 0.114377
0 0.500076 0.502568 0.048740 0.083184
0 0.483017 0.479172 0.057514 0.088383
0 0.451336 0.476573 0.021446 0.048524
0 0.285619 0.456643 0.044841 0.071053
0 0.276358 0.468774 0.026320 0.071053
0 0.332409 0.462709 0.052640 0.069320
0 0.406007 0.479172 0.065312 0.109178
1 0.370914 0.435847 0.018521 0.032927
