0 0.366201 0.518217 0.055997 0.077698
0 0.474354 0.499209 0.011780 0.038849
0 0.482804 0.502851 0.020487 0.046133
0 0.503974 0.505279 0.049168 0.070414
0 0.519681 0.523490 0.042339 0.053417
0 0.457537 0.490711 0.010926 0.016996
1 0.429880 0.484398 0.015024 0.026709
0 0.444563 0.486583 0.017755 0.009712
0 0.427490 0.497509 0.013658 0.031565
0 0.418613 0.497509 0.015024 0.041277
0 0.405638 0.503580 0.032779 0.053417
0 0.330520 0.489011 0.027316 0.029137
0 0.319593 0.508436 0.035510 0.053417
0 0.298424 0.513292 0.042339 0.063130
0 0.273157 0.518148 0.043705 0.072842
0 0.546996 0.536358 0.036876 0.075270
0 0.574995 0.542428 0.062826 0.121403
0 0.644877 0.559668 0.137944 0.177248
0 0.765749 0.630081 0.245841 0.220953
0 0.741165 0.500990 0.021853 0.029137
0 0.788968 0.510702 0.032779 0.038849
0 0.121896 0.478328 0.038242 0.021853
0 0.130774 0.494110 0.025950 0.033993
0 0.063167 0.469830 0.035510 0.019424
0 0.090483 0.501394 0.073752 0.048561
0 0.064533 0.497752 0.079215 0.075270
0 0.033803 0.565738 0.066923 0.203957
0 0.911818 0.758952 0.173822 0.367004
0 0.447636 0.506250 0.025950 0.036421
0 0.205892 0.518391 0.110628 0.118975
0 0.378663 0.468615 0.024584 0.014568
