0 0.491748 0.245625 0.021094 0.042187
0 0.506250 0.226875 0.010547 0.014062
0 0.475268 0.245625 0.014502 0.037500
0 0.468676 0.252656 0.019775 0.046875
0 0.446924 0.258515 0.034277 0.067969
0 0.431103 0.270234 0.042187 0.067969
0 0.414624 0.271406 0.025049 0.075000
0 0.404736 0.229219 0.013184 0.018750
0 0.394189 0.231562 0.010547 0.014062
0 0.338818 0.226875 0.015820 0.018750
2 0.423193 0.222187 0.013184 0.023437
2 0.474609 0.217500 0.018457 0.018750
0 0.692979 0.295781 0.054053 0.112500
0 0.372618 0.294609 0.101514 0.124219
0 0.582896 0.340312 0.200390 0.314062
2 0.847227 0.281719 0.220166 0.281250
2 0.154998 0.302812 0.309996 0.464062
