2 0.758017 0.439258 0.135865 0.108017
0 0.022205 0.640946 0.042722 0.109705
0 0.372626 0.492224 0.008544 0.008439
0 0.367405 0.496443 0.009494 0.013502
0 0.361709 0.503194 0.007595 0.013502
0 0.356962 0.509946 0.007595 0.016878
0 0.383544 0.498131 0.009494 0.013502
0 0.379272 0.506570 0.010443 0.013502
0 0.369304 0.515853 0.017089 0.025316
0 0.306645 0.523448 0.011392 0.040506
0 0.401107 0.497046 0.012342 0.025316
0 0.424842 0.496805 0.010443 0.021941
0 0.435285 0.502953 0.019937 0.030380
0 0.446677 0.508017 0.023734 0.033755
0 0.465190 0.508861 0.022785 0.042194
0 0.480854 0.486920 0.010443 0.008439
0 0.490823 0.482700 0.007595 0.013502
0 0.478006 0.474261 0.027532 0.023629
0 0.480854 0.509704 0.027532 0.037131
0 0.572197 0.489451 0.032821 0.050633
0 0.631736 0.460759 0.049367 0.027004
0 0.621835 0.524894 0.112025 0.114768
0 0.520253 0.502953 0.064557 0.091139
0 0.333702 0.529114 0.052215 0.069198
0 0.215032 0.558650 0.061709 0.067511
0 0.128165 0.591561 0.112025 0.102954
2 0.253481 0.527426 0.060759 0.082700
