0 0.074455 0.346986 0.132998 0.106780
0 0.289826 0.319529 0.035180 0.054915
0 0.244349 0.287495 0.050625 0.018305
0 0.228046 0.314190 0.024883 0.041186
0 0.178280 0.327156 0.086663 0.094576
0 0.318571 0.318766 0.025742 0.041186
0 0.365335 0.320291 0.019735 0.038136
0 0.342596 0.330969 0.041186 0.050339
0 0.496616 0.348512 0.011155 0.045763
0 0.515064 0.356139 0.049767 0.067119
0 0.584567 0.368342 0.084089 0.109830
0 0.642485 0.402664 0.117553 0.144915
2 0.429688 0.307325 0.112405 0.241017
0 0.258380 0.346162 0.093528 0.108305
