0 0.038389 0.607687 0.076779 0.093490
0 0.249269 0.574031 0.039967 0.048615
0 0.550074 0.553463 0.016828 0.022438
0 0.534297 0.554398 0.012621 0.020568
0 0.408611 0.559072 0.011569 0.018698
0 0.388102 0.572161 0.035760 0.052355
0 0.290288 0.583380 0.061002 0.067313
0 0.590041 0.566552 0.065210 0.093490
0 0.488020 0.631995 0.128316 0.190720
0 0.976565 0.555333 0.045226 0.026177
0 0.954478 0.555333 0.034708 0.018698
0 0.922399 0.548788 0.061002 0.031787
0 0.893476 0.545984 0.055744 0.026177
0 0.863500 0.548788 0.037864 0.020568
