0 0.490328 0.266014 0.007798 0.019063
0 0.499589 0.268614 0.008773 0.031194
0 0.510312 0.273813 0.010723 0.041592
0 0.525909 0.269480 0.012673 0.046791
0 0.544918 0.271213 0.019496 0.053723
0 0.579036 0.266014 0.054589 0.088383
0 0.630213 0.275546 0.078959 0.128241
0 0.682853 0.277279 0.086758 0.173299
0 0.846104 0.226155 0.307747 0.452311
0 0.459134 0.279012 0.009748 0.017330
0 0.450849 0.282478 0.006824 0.017330
0 0.445000 0.286810 0.010723 0.029461
0 0.436227 0.291143 0.014622 0.034660
0 0.425504 0.294609 0.022421 0.041592
0 0.414293 0.302407 0.027295 0.043325
0 0.394797 0.311939 0.040942 0.065854
0 0.356292 0.327535 0.073111 0.100514
0 0.274408 0.380392 0.149146 0.188896
4 0.077497 0.535494 0.153045 0.218357
