0 0.323098 0.351435 0.029824 0.040785
0 0.298499 0.353021 0.036707 0.040785
0 0.269439 0.357100 0.038236 0.051662
0 0.230056 0.359819 0.046648 0.065257
0 0.166073 0.361178 0.086414 0.092447
0 0.072267 0.387689 0.117003 0.099245
0 0.006883 0.395846 0.012236 0.093807
0 0.455141 0.327190 0.009941 0.019033
0 0.445964 0.329909 0.005353 0.019033
0 0.440228 0.329230 0.006118 0.020393
0 0.436022 0.330589 0.006883 0.020393
0 0.430287 0.331269 0.007647 0.019033
0 0.418816 0.332628 0.019883 0.024471
0 0.481269 0.323565 0.007647 0.010876
0 0.469416 0.327643 0.011471 0.019033
0 0.538369 0.318807 0.009177 0.014955
0 0.550987 0.322205 0.005353 0.016314
0 0.397914 0.334894 0.021412 0.027190
0 0.528300 0.322659 0.011471 0.016314
0 0.556467 0.322205 0.009177 0.019033
0 0.563350 0.323565 0.007647 0.021752
0 0.569085 0.323565 0.009941 0.024471
0 0.574056 0.324924 0.010706 0.029909
0 0.587821 0.325604 0.021412 0.036707
0 0.601714 0.334441 0.013000 0.038066
0 0.608596 0.335801 0.011471 0.043505
0 0.617773 0.335121 0.014530 0.044864
0 0.631538 0.334441 0.019118 0.062538
0 0.645685 0.336480 0.030589 0.072054
0 0.671049 0.339653 0.060414 0.080211
0 0.684049 0.351208 0.048178 0.084290
0 0.745610 0.347810 0.105532 0.137311
0 0.822210 0.376813 0.153710 0.148187
0 0.923282 0.416012 0.152946 0.247432
