0 0.390196 0.364899 0.012610 0.017435
0 0.404907 0.367389 0.011208 0.017435
0 0.378987 0.377353 0.012610 0.022417
0 0.367078 0.381089 0.014011 0.024908
0 0.429425 0.369880 0.015412 0.017435
0 0.455345 0.383579 0.019615 0.029889
0 0.465853 0.392297 0.015412 0.032380
0 0.474960 0.388561 0.016813 0.029889
0 0.491773 0.398524 0.044834 0.054797
0 0.348164 0.378598 0.012610 0.024908
0 0.346062 0.383579 0.014011 0.019926
0 0.332052 0.384825 0.014011 0.022417
0 0.294223 0.386070 0.014011 0.029889
0 0.304731 0.387316 0.015412 0.022417
0 0.267603 0.391052 0.016813 0.029889
2 0.274608 0.378598 0.022417 0.044834
0 0.308934 0.378598 0.021016 0.039852
0 0.531002 0.380466 0.033625 0.017435
0 0.596852 0.419073 0.056042 0.084686
0 0.522596 0.417828 0.058845 0.062269
0 0.407709 0.432772 0.084064 0.122048
0 0.568831 0.431527 0.086866 0.089668
0 0.219266 0.415337 0.099475 0.117066
0 0.109983 0.411601 0.113486 0.109594
0 0.760076 0.447717 0.158320 0.161900
0 0.900742 0.509613 0.197550 0.234133
