0 0.417251 0.519102 0.010810 0.021619
0 0.409820 0.521504 0.009458 0.026423
0 0.395632 0.520303 0.018917 0.033630
0 0.388876 0.523906 0.016214 0.031228
0 0.378742 0.526308 0.017566 0.031228
0 0.362527 0.523906 0.025673 0.036032
0 0.498593 0.498684 0.010810 0.019217
0 0.521564 0.480668 0.029726 0.050445
0 0.460760 0.505890 0.013512 0.019217
0 0.149308 0.565703 0.112150 0.112900
0 0.267403 0.550089 0.063506 0.067260
0 0.348475 0.532073 0.036482 0.040836
0 0.487108 0.509253 0.028375 0.033630
0 0.587773 0.517660 0.205383 0.170552
0 0.665872 0.476824 0.102691 0.213790
0 0.451588 0.506810 0.011353 0.029153
