0 0.542968 0.407253 0.009748 0.013864
0 0.549304 0.406387 0.010723 0.025995
0 0.556615 0.411586 0.011698 0.039859
0 0.569288 0.407253 0.021446 0.045058
0 0.592683 0.417651 0.033143 0.062388
0 0.576599 0.414185 0.016572 0.051990
0 0.458160 0.402921 0.015597 0.029461
0 0.466933 0.402054 0.005849 0.024262
0 0.449386 0.408986 0.017547 0.031194
0 0.434764 0.408986 0.019496 0.034660
0 0.419655 0.409853 0.018521 0.043325
0 0.399184 0.411586 0.024370 0.050257
0 0.335334 0.403787 0.027295 0.038126
0 0.482042 0.404654 0.026320 0.039859
0 0.526396 0.406387 0.017547 0.022529
0 0.638987 0.424583 0.088708 0.097048
0 0.366040 0.420250 0.057514 0.060655
0 0.077010 0.453177 0.154020 0.310206
