0 0.070123 0.638221 0.037072 0.017008
0 0.117359 0.626528 0.019134 0.019134
0 0.144266 0.628654 0.027505 0.023386
0 0.186720 0.626528 0.023917 0.031890
0 0.269234 0.644599 0.160246 0.191339
0 0.375069 0.620150 0.056206 0.087165
0 0.417522 0.620150 0.026309 0.057402
0 0.431872 0.606331 0.016742 0.021260
0 0.440841 0.602079 0.013155 0.025512
0 0.451604 0.601016 0.017938 0.027638
0 0.486284 0.602079 0.027505 0.046772
0 0.473130 0.612709 0.037072 0.059528
0 0.505418 0.596764 0.010763 0.023386
0 0.511397 0.602079 0.015546 0.034016
0 0.528737 0.598890 0.028701 0.057402
0 0.551459 0.595701 0.033484 0.042520
0 0.562820 0.616961 0.056206 0.063780
0 0.840261 0.656292 0.316905 0.312520
