0 0.466388 0.616536 0.007175 0.021260
0 0.456821 0.613347 0.016742 0.027638
0 0.444862 0.614410 0.009567 0.017008
0 0.436491 0.619725 0.014350 0.027638
0 0.378492 0.630355 0.020330 0.048898
0 0.410182 0.626103 0.055010 0.087165
0 0.352183 0.635669 0.049031 0.072283
0 0.121380 0.697323 0.182968 0.165827
0 0.029897 0.654803 0.059793 0.106299
0 0.503460 0.608032 0.011959 0.017008
0 0.514821 0.609095 0.020330 0.031890
0 0.527975 0.609095 0.017938 0.040394
0 0.539336 0.613347 0.019134 0.040394
0 0.566841 0.616536 0.043051 0.068032
0 0.488170 0.613650 0.020330 0.027638
0 0.703426 0.634910 0.139916 0.189213
0 0.836110 0.670748 0.245153 0.257244
0 0.939571 0.684718 0.115999 0.363543
