0 0.018353 0.546016 0.036707 0.071375
0 0.055634 0.548055 0.053913 0.042825
0 0.108400 0.543977 0.090620 0.050982
0 0.186402 0.535819 0.074561 0.038746
0 0.225977 0.527662 0.027530 0.034668
0 0.248345 0.526643 0.058502 0.048943
0 0.279890 0.521545 0.025236 0.034668
0 0.295089 0.526643 0.036707 0.032628
0 0.311149 0.522564 0.025236 0.024471
0 0.334091 0.515427 0.034413 0.030589
0 0.357032 0.516446 0.022942 0.020393
0 0.377680 0.509309 0.028677 0.018353
0 0.412666 0.502171 0.018353 0.016314
0 0.443064 0.489936 0.012618 0.016314
0 0.457977 0.492995 0.014912 0.018353
0 0.477190 0.512368 0.024089 0.036707
0 0.446219 0.518486 0.026383 0.036707
0 0.399762 0.547035 0.068826 0.097885
0 0.558060 0.522564 0.039001 0.053021
0 0.545442 0.509309 0.020648 0.034668
0 0.515618 0.483818 0.010324 0.020393
0 0.508162 0.498093 0.013765 0.024471
0 0.523648 0.492995 0.010324 0.018353
0 0.496978 0.480759 0.013765 0.018353
