0 0.223422 0.583929 0.073182 0.087245
0 0.346253 0.570664 0.052519 0.044388
0 0.443543 0.561735 0.012915 0.018367
0 0.430198 0.570153 0.015497 0.019898
0 0.415561 0.570153 0.017219 0.022959
0 0.402647 0.573215 0.012054 0.026020
0 0.494053 0.558674 0.007749 0.015306
0 0.502663 0.557908 0.007749 0.010714
0 0.509120 0.555612 0.008610 0.018367
0 0.516869 0.557908 0.008610 0.016837
0 0.522465 0.560204 0.009471 0.021429
0 0.530644 0.560204 0.010332 0.024490
0 0.858817 0.501786 0.105899 0.084184
0 0.710731 0.579847 0.093846 0.133163
0 0.811464 0.501786 0.064573 0.016837
0 0.127998 0.588521 0.129145 0.114796
0 0.390306 0.574745 0.025829 0.029082
0 0.468655 0.545664 0.048214 0.084184
0 0.544994 0.564796 0.020663 0.027551
0 0.830405 0.610204 0.233323 0.214286
