0 0.278308 0.407253 0.022421 0.031194
0 0.312913 0.405520 0.019496 0.027728
0 0.375788 0.403787 0.022421 0.024262
2 0.343302 0.395122 0.019158 0.045058
0 0.297804 0.401188 0.010723 0.022529
0 0.394310 0.403787 0.012673 0.017330
0 0.510312 0.410719 0.063363 0.079718
2 0.438664 0.389057 0.050690 0.084917
0 0.657508 0.389923 0.014622 0.024262
0 0.593171 0.395122 0.020471 0.020796
0 0.567826 0.396855 0.024370 0.020796
0 0.003420 0.409448 0.006839 0.028653
0 0.059061 0.416696 0.094386 0.057366
0 0.111615 0.410719 0.063363 0.048524
0 0.124775 0.411586 0.066287 0.050257
0 0.140372 0.402921 0.060438 0.046791
0 0.162306 0.405520 0.047766 0.027728
0 0.231029 0.404654 0.037043 0.039859
0 0.254912 0.405520 0.022421 0.027728
0 0.256374 0.393389 0.023395 0.024262
0 0.041036 0.426457 0.080464 0.069735
