0 0.446782 0.401670 0.012292 0.019424
0 0.448148 0.406527 0.012292 0.019424
0 0.453611 0.416239 0.012292 0.024281
0 0.458391 0.423523 0.013658 0.024281
0 0.466586 0.427165 0.016389 0.026709
0 0.477512 0.433235 0.016389 0.033993
0 0.484341 0.439305 0.019121 0.031565
0 0.498682 0.442947 0.025950 0.043705
0 0.513705 0.446590 0.017755 0.050989
0 0.527363 0.446590 0.020487 0.070414
0 0.559459 0.444161 0.060094 0.075270
0 0.580629 0.462372 0.055997 0.077698
0 0.614773 0.474512 0.080581 0.092266
0 0.676916 0.489081 0.106531 0.111691
0 0.789594 0.523073 0.200770 0.179676
0 0.405808 0.404098 0.012292 0.024281
0 0.396248 0.399242 0.012292 0.014568
0 0.396248 0.413811 0.012292 0.019424
0 0.404443 0.421095 0.012292 0.024281
0 0.401028 0.432021 0.016389 0.031565
0 0.386687 0.408955 0.015024 0.024281
0 0.368932 0.416239 0.017755 0.033993
0 0.358006 0.432021 0.017755 0.031565
0 0.379859 0.436877 0.028681 0.046133
0 0.317032 0.438091 0.028681 0.043705
0 0.277425 0.446590 0.025950 0.046133
0 0.254889 0.446590 0.038242 0.050989
0 0.211184 0.447804 0.051900 0.067986
0 0.180454 0.461158 0.023218 0.055845
0 0.121043 0.451446 0.098336 0.099550
0 0.035254 0.458730 0.070509 0.211241
0 0.420149 0.423523 0.027316 0.058273
