0 0.356787 0.421231 0.012586 0.024862
0 0.340006 0.417502 0.015383 0.017403
0 0.323224 0.418745 0.018180 0.024862
0 0.310637 0.421231 0.018180 0.024862
0 0.294555 0.426516 0.027970 0.040404
0 0.253300 0.417502 0.034962 0.057182
0 0.221135 0.428690 0.048947 0.054696
0 0.482651 0.418745 0.012586 0.029834
0 0.492440 0.421231 0.015383 0.029834
0 0.504327 0.417502 0.019579 0.037293
0 0.549089 0.437134 0.016761 0.056668
0 0.578447 0.436148 0.050345 0.064641
0 0.423215 0.424961 0.114675 0.201381
0 0.683333 0.426204 0.111878 0.134254
