0 0.459096 0.504380 0.019984 0.020568
0 0.404404 0.495966 0.036812 0.022438
0 0.352342 0.510925 0.046278 0.037396
0 0.262942 0.529623 0.092555 0.112188
0 0.592144 0.509990 0.008414 0.028047
0 0.605817 0.512795 0.018932 0.033657
0 0.614232 0.514664 0.018932 0.037396
0 0.635793 0.514664 0.038915 0.056094
0 0.669975 0.525883 0.033657 0.063573
0 0.699425 0.533362 0.054692 0.082272
0 0.749384 0.548321 0.095711 0.112188
0 0.550600 0.509990 0.015776 0.016828
0 0.532720 0.507185 0.019984 0.026177
0 0.574790 0.515599 0.038915 0.057964
0 0.929411 0.617660 0.140937 0.272992
