0 0.314428 0.557226 0.006592 0.021094
0 0.299927 0.560742 0.017139 0.028125
0 0.339477 0.557226 0.006592 0.025781
0 0.359253 0.557168 0.006592 0.025664
0 0.369140 0.560742 0.013184 0.023437
0 0.376391 0.561914 0.014502 0.030469
0 0.384301 0.566601 0.014502 0.039844
0 0.393530 0.567773 0.017139 0.042187
0 0.406054 0.567773 0.031641 0.051562
0 0.424511 0.571289 0.034277 0.072656
0 0.456152 0.577148 0.060644 0.075000
0 0.249829 0.575976 0.031641 0.044531
0 0.090308 0.613476 0.180615 0.232031
0 0.210937 0.574804 0.052734 0.070312
2 0.270263 0.544453 0.050098 0.086719
1 0.325766 0.550078 0.022412 0.049219
0 0.347387 0.559453 0.011865 0.021094
