0 0.419507 0.444131 0.015007 0.016008
0 0.436015 0.442352 0.018009 0.019565
0 0.404500 0.440573 0.009004 0.019565
0 0.390493 0.444131 0.017008 0.023123
0 0.376486 0.444131 0.015007 0.026680
0 0.363980 0.453913 0.020010 0.046245
0 0.331464 0.459249 0.051025 0.067589
0 0.327462 0.477925 0.029014 0.048024
0 0.300448 0.478814 0.043021 0.081818
0 0.236417 0.491265 0.117058 0.149407
0 0.101950 0.558854 0.203901 0.270356
0 0.452023 0.446799 0.010005 0.021344
0 0.462529 0.447688 0.021010 0.033794
0 0.481038 0.451245 0.032016 0.044466
0 0.519056 0.474368 0.054027 0.069368
0 0.624108 0.506384 0.120059 0.165415
0 0.753172 0.573083 0.224111 0.256127
0 0.927258 0.635336 0.144071 0.284585
