0 0.706083 0.447423 0.231959 0.272165
0 0.528479 0.385567 0.106701 0.140206
0 0.480928 0.382131 0.030155 0.090722
1 0.462371 0.349485 0.036340 0.072165
0 0.377706 0.347079 0.074227 0.169072
0 0.162371 0.384536 0.090464 0.088660
0 0.274871 0.363918 0.041753 0.059794
0 0.218621 0.370103 0.010438 0.039175
0 0.245296 0.363918 0.012758 0.030928
0 0.311405 0.360825 0.015077 0.032990
0 0.333441 0.355670 0.019716 0.026804
0 0.209923 0.369072 0.011598 0.041237
0 0.296907 0.365979 0.013918 0.039175
0 0.066108 0.386156 0.016237 0.037113
