4 0.665952 0.493828 0.039551 0.053906
0 0.284947 0.453984 0.034277 0.025781
0 0.355252 0.479160 0.028139 0.036368
0 0.718687 0.497343 0.084375 0.075000
0 0.817564 0.500859 0.131836 0.091406
0 0.629697 0.483281 0.035596 0.042187
0 0.526206 0.477422 0.021094 0.044531
0 0.469517 0.472734 0.015820 0.025781
0 0.506431 0.483281 0.036914 0.056250
0 0.957969 0.509062 0.083057 0.192187
2 0.007798 0.438447 0.015597 0.190629
0 0.289518 0.454910 0.064337 0.046791
0 0.316813 0.450578 0.019496 0.027728
0 0.328023 0.447112 0.012673 0.017330
0 0.342158 0.447112 0.013647 0.013864
