0 0.665003 0.570191 0.019358 0.031286
0 0.655324 0.586617 0.029917 0.048494
0 0.628486 0.595220 0.044876 0.068830
0 0.677322 0.578795 0.017598 0.032851
0 0.683482 0.587399 0.026398 0.040672
0 0.767074 0.581924 0.059835 0.064137
0 0.740677 0.627289 0.119670 0.129838
0 0.935580 0.636674 0.125829 0.151738
0 0.521575 0.591309 0.035197 0.026593
0 0.479339 0.589745 0.049276 0.057879
0 0.445902 0.598349 0.015839 0.028158
0 0.412465 0.605388 0.054555 0.061008
0 0.572611 0.614774 0.072154 0.104809
0 0.333711 0.589745 0.010559 0.020336
0 0.311713 0.588181 0.014079 0.017207
0 0.291475 0.588181 0.021118 0.020336
0 0.264637 0.589745 0.013199 0.017207
0 0.243079 0.595220 0.022878 0.015643
