0 0.251988 0.428915 0.020471 0.032927
0 0.237366 0.434114 0.014622 0.053723
0 0.226155 0.435847 0.019496 0.060655
0 0.205684 0.434114 0.037043 0.067587
0 0.181314 0.459243 0.070186 0.083184
0 0.102842 0.482638 0.114053 0.147304
0 0.044841 0.506900 0.087733 0.213158
0 0.272946 0.439313 0.035093 0.057189
0 0.372377 0.408986 0.019496 0.027728
0 0.403083 0.420250 0.028269 0.029461
0 0.436714 0.428049 0.035093 0.045058
0 0.472294 0.460109 0.100405 0.154236
0 0.346057 0.410719 0.021446 0.020796
0 0.358242 0.560623 0.205684 0.289410
0 0.777897 0.597882 0.442563 0.391656
