0 0.181259 0.514544 0.138445 0.161552
0 0.443596 0.466650 0.041320 0.073453
0 0.300600 0.480082 0.024550 0.035604
0 0.269403 0.488069 0.042888 0.051578
0 0.326167 0.475255 0.027751 0.033638
0 0.104678 0.510943 0.066112 0.088150
0 0.356824 0.463603 0.018365 0.039178
0 0.376566 0.459522 0.017446 0.021221
0 0.366924 0.469317 0.014692 0.024486
0 0.387584 0.466868 0.015610 0.026119
1 0.407326 0.446463 0.018365 0.027751
0 0.406867 0.467684 0.017446 0.027751
0 0.466093 0.462787 0.009182 0.047340
0 0.422477 0.445647 0.011937 0.035913
