0 0.832973 0.371727 0.330460 0.376059
0 0.636550 0.263415 0.220307 0.249551
1 0.034118 0.229621 0.068237 0.119576
0 0.076035 0.253017 0.134523 0.117843
0 0.437689 0.237420 0.044841 0.058922
0 0.328998 0.253017 0.084808 0.124775
0 0.199348 0.240886 0.034118 0.031194
0 0.271484 0.234820 0.016572 0.022529
0 0.148171 0.239153 0.050690 0.072786
0 0.415268 0.237420 0.023395 0.051990
0 0.410882 0.232221 0.024370 0.051990
0 0.371889 0.235687 0.030219 0.062388
0 0.362629 0.194095 0.019496 0.010398
0 0.282694 0.233087 0.007798 0.029461
0 0.387974 0.225289 0.007798 0.041592
0 0.478143 0.222689 0.032169 0.036393
0 0.184239 0.227888 0.017547 0.022529
