0 0.016572 0.701862 0.031194 0.228755
0 0.961648 0.584885 0.073111 0.126508
0 0.012673 0.492170 0.025345 0.058922
0 0.129649 0.507767 0.044841 0.062388
0 0.223231 0.502568 0.023395 0.031194
0 0.236878 0.493036 0.025345 0.032927
0 0.254425 0.493036 0.013647 0.022529
0 0.264660 0.491303 0.018521 0.025995
0 0.272946 0.485238 0.011698 0.024262
0 0.284644 0.484371 0.013647 0.025995
0 0.295367 0.482638 0.007798 0.019063
0 0.304140 0.477439 0.019496 0.019063
0 0.321199 0.479172 0.012673 0.012131
0 0.366528 0.471374 0.011698 0.017330
0 0.418680 0.488704 0.024370 0.041592
0 0.352880 0.476573 0.015597 0.024262
0 0.329485 0.484371 0.015597 0.022529
0 0.425504 0.499102 0.026320 0.048524
0 0.189600 0.520764 0.071161 0.074519
0 0.077010 0.528562 0.097481 0.103980
0 0.654096 0.634275 0.232004 0.329268
0 0.565389 0.499102 0.027295 0.045058
2 0.389436 0.463575 0.028269 0.064121
