0 0.507525 0.457935 0.022953 0.044207
0 0.509916 0.461335 0.016259 0.040806
0 0.570169 0.467286 0.035387 0.069710
0 0.594557 0.470687 0.049732 0.076511
0 0.457952 0.455384 0.016259 0.039106
0 0.394352 0.472387 0.026779 0.049307
0 0.184105 0.470687 0.054514 0.049307
0 0.072686 0.487689 0.061209 0.049307
0 0.639667 0.468986 0.077468 0.107116
0 0.677444 0.486839 0.053558 0.115617
0 0.432289 0.489843 0.068860 0.103715
0 0.523625 0.461789 0.031561 0.044207
0 0.829001 0.452437 0.286918 0.355353
2 0.485369 0.446826 0.043038 0.064610
0 0.283570 0.461279 0.054514 0.025504
2 0.440419 0.431524 0.016259 0.020403
3 0.986327 0.518237 0.025823 0.119018
