0 0.380889 0.536491 0.030032 0.035085
0 0.359866 0.544119 0.032606 0.032034
2 0.325287 0.522152 0.038269 0.060712
0 0.283929 0.532678 0.047193 0.042712
0 0.252610 0.536491 0.027458 0.032034
0 0.232446 0.522763 0.023167 0.038136
0 0.506593 0.563186 0.030890 0.054915
0 0.626720 0.591407 0.096102 0.129661
0 0.730544 0.633356 0.188771 0.180000
0 0.925408 0.695898 0.143294 0.137288
0 0.445672 0.598729 0.108114 0.160169
0 0.202157 0.517119 0.039814 0.027458
0 0.047536 0.534661 0.085805 0.080847
0 0.170838 0.517119 0.023511 0.021356
0 0.145354 0.516356 0.022309 0.028983
