0 0.229227 0.378965 0.014912 0.059139
0 0.178182 0.379985 0.091767 0.089728
2 0.306656 0.346337 0.142239 0.185574
0 0.383320 0.369789 0.014912 0.032628
0 0.398423 0.370808 0.016059 0.022432
0 0.446028 0.352455 0.019501 0.030589
0 0.485029 0.361631 0.010324 0.016314
0 0.511985 0.362651 0.013765 0.022432
0 0.524603 0.368769 0.016059 0.022432
0 0.552134 0.368769 0.018353 0.042825
0 0.570487 0.374887 0.022942 0.055060
0 0.597444 0.382024 0.035560 0.053021
0 0.627268 0.379985 0.037854 0.073414
0 0.661107 0.389162 0.061943 0.099924
0 0.708138 0.395279 0.078002 0.120317
0 0.788435 0.409554 0.142239 0.173338
0 0.059649 0.411934 0.063090 0.065257
0 0.115283 0.405816 0.039001 0.069335
