0 0.339233 0.545026 0.103330 0.168100
0 0.443050 0.527696 0.034118 0.050257
0 0.394797 0.508633 0.021446 0.043325
0 0.428428 0.505167 0.016572 0.025995
0 0.465958 0.507767 0.015597 0.020796
0 0.412831 0.491303 0.010723 0.015597
0 0.478143 0.497369 0.006824 0.013864
0 0.485454 0.501701 0.007798 0.015597
0 0.495202 0.497369 0.011698 0.013864
0 0.509825 0.499102 0.013647 0.013864
0 0.439638 0.497369 0.009748 0.010398
0 0.451823 0.493903 0.010723 0.017330
0 0.032169 0.479172 0.064337 0.039859
0 0.098943 0.480905 0.055564 0.039859
0 0.132574 0.491303 0.066287 0.032927
0 0.192525 0.492170 0.045816 0.027728
0 0.169129 0.488704 0.026320 0.020796
0 0.227130 0.485238 0.035093 0.031194
0 0.259786 0.491303 0.028269 0.022529
0 0.291955 0.490437 0.020471 0.017330
0 0.284644 0.488704 0.021446 0.027728
