0 0.530066 0.538854 0.009177 0.017674
0 0.555684 0.540893 0.005353 0.016314
0 0.562184 0.548371 0.012236 0.028550
0 0.576714 0.549050 0.022942 0.035347
0 0.593921 0.554489 0.034413 0.040785
0 0.624127 0.558567 0.042825 0.054381
0 0.464190 0.533610 0.028295 0.055740
0 0.447748 0.539728 0.010706 0.024471
0 0.402873 0.526770 0.012236 0.024471
0 0.392931 0.536967 0.024471 0.055740
0 0.371136 0.541045 0.026765 0.063897
0 0.345518 0.541725 0.036707 0.078852
0 0.313017 0.550562 0.051237 0.080211
0 0.267898 0.553961 0.057355 0.092447
0 0.199837 0.560078 0.115474 0.115559
0 0.543826 0.553281 0.028295 0.042145
0 0.498325 0.544444 0.056590 0.092447
0 0.422234 0.550562 0.049707 0.066616
0 0.944741 0.634921 0.109356 0.125076
0 0.070697 0.568304 0.141394 0.222961
0 0.782619 0.674347 0.289832 0.342598
4 0.155282 0.576534 0.046648 0.115559
