0 0.527946 0.555612 0.078520 0.115714
0 0.473447 0.532194 0.014464 0.020204
0 0.481196 0.539541 0.011365 0.023878
0 0.492560 0.536786 0.013431 0.029388
0 0.456400 0.535867 0.019630 0.027551
0 0.433154 0.530357 0.014464 0.023878
0 0.416106 0.530357 0.007232 0.016531
0 0.395960 0.526684 0.006199 0.016531
0 0.388728 0.529439 0.010332 0.022041
0 0.378396 0.529439 0.012398 0.025714
0 0.367031 0.530357 0.014464 0.027551
0 0.353600 0.527602 0.018597 0.044082
0 0.334745 0.526684 0.025829 0.053265
0 0.315631 0.532194 0.024796 0.060612
0 0.296518 0.531275 0.027895 0.069796
0 0.266039 0.535867 0.049592 0.086327
0 0.230395 0.543214 0.060957 0.093673
0 0.178995 0.543214 0.068189 0.115714
0 0.406033 0.527143 0.018597 0.025714
0 0.651926 0.567551 0.041327 0.069796
0 0.599751 0.563877 0.069222 0.091837
0 0.814978 0.618755 0.117781 0.112041
0 0.095826 0.663061 0.191652 0.411428
0 0.873539 0.723673 0.252092 0.470204
