0 0.547593 0.536326 0.011701 0.018721
0 0.562804 0.535285 0.011701 0.029122
0 0.573919 0.537366 0.015211 0.041602
0 0.586790 0.537366 0.031592 0.045763
0 0.605511 0.548806 0.022231 0.047843
0 0.617212 0.551926 0.026912 0.058243
0 0.642954 0.557127 0.064354 0.068644
0 0.736754 0.563367 0.119347 0.147689
0 0.810469 0.606010 0.182531 0.166410
0 0.942102 0.534245 0.104136 0.110247
0 0.963163 0.538752 0.071374 0.104006
0 0.427661 0.536672 0.019891 0.020801
0 0.397239 0.536672 0.026912 0.033282
0 0.401919 0.518991 0.015211 0.010401
0 0.369157 0.540832 0.033932 0.037442
0 0.335810 0.539792 0.030422 0.056163
0 0.295443 0.534592 0.057333 0.087365
0 0.261511 0.550193 0.066694 0.076965
0 0.183701 0.557473 0.100626 0.104006
0 0.516878 0.493510 0.059674 0.163290
0 0.456912 0.536672 0.012871 0.016641
