0 0.464721 0.351562 0.011865 0.035156
0 0.450879 0.357422 0.021094 0.037500
0 0.478564 0.349219 0.015820 0.030469
0 0.632153 0.355078 0.025049 0.046875
0 0.646655 0.355078 0.025049 0.056250
0 0.724438 0.369140 0.038232 0.060937
0 0.557006 0.331640 0.017139 0.028125
0 0.541845 0.346875 0.018457 0.035156
0 0.502295 0.349219 0.018457 0.025781
0 0.315747 0.375000 0.051416 0.067969
0 0.579419 0.351562 0.011865 0.025781
0 0.671226 0.359062 0.039551 0.070312
0 0.772739 0.378984 0.094922 0.091406
0 0.518296 0.355547 0.023730 0.044531
0 0.594761 0.353203 0.023730 0.049219
0 0.362071 0.418828 0.275537 0.199219
0 0.849204 0.380156 0.058008 0.107812
0 0.521592 0.328594 0.017139 0.018750
0 0.563120 0.354375 0.018457 0.042187
