0 0.111827 0.615673 0.081620 0.047755
0 0.173300 0.621184 0.082653 0.036735
0 0.441505 0.607347 0.012398 0.011020
0 0.427041 0.606428 0.012398 0.016531
0 0.415676 0.610102 0.010332 0.016531
0 0.400695 0.611020 0.021696 0.018367
0 0.385714 0.611020 0.020663 0.018367
0 0.373316 0.614694 0.020663 0.033061
0 0.443571 0.619286 0.016531 0.031224
0 0.482315 0.609184 0.007232 0.014694
0 0.489547 0.610102 0.013431 0.020204
0 0.502462 0.607347 0.014464 0.011020
0 0.526224 0.627551 0.012398 0.033061
0 0.310810 0.664286 0.145676 0.180000
0 0.463201 0.624796 0.035128 0.056939
0 0.507111 0.645000 0.046492 0.064286
