0 0.989702 0.419418 0.012915 0.055102
0 0.274649 0.596174 0.037883 0.032143
0 0.362899 0.599235 0.028412 0.038265
0 0.441677 0.609949 0.037883 0.050510
0 0.461910 0.613776 0.033578 0.048980
0 0.498071 0.613010 0.055963 0.075000
0 0.529927 0.619133 0.043909 0.084184
0 0.313049 0.586225 0.037883 0.061225
0 0.425836 0.575510 0.013776 0.015306
0 0.158144 0.682606 0.238489 0.194388
0 0.586665 0.623266 0.106760 0.107143
0 0.395960 0.611021 0.049075 0.061225
0 0.330096 0.604898 0.036161 0.039796
0 0.228961 0.576931 0.027274 0.017864
