0 0.392330 0.432214 0.026286 0.014229
0 0.375185 0.432214 0.010005 0.014229
0 0.367181 0.428656 0.010005 0.021344
0 0.361679 0.425988 0.007003 0.019565
0 0.358677 0.427767 0.011005 0.023123
0 0.352174 0.425988 0.010005 0.023123
0 0.343670 0.427767 0.021010 0.030237
0 0.318657 0.431324 0.023011 0.030237
0 0.299148 0.431324 0.024012 0.040909
0 0.288643 0.431324 0.027013 0.048024
0 0.257127 0.433103 0.046023 0.065810
0 0.207603 0.443775 0.065032 0.080040
0 0.102050 0.435771 0.126062 0.145850
0 0.031516 0.425099 0.063031 0.103162
0 0.428712 0.433992 0.011005 0.017787
0 0.434215 0.434882 0.012006 0.026680
0 0.439717 0.437550 0.011005 0.024901
0 0.448722 0.437550 0.015007 0.032016
0 0.459727 0.436660 0.017008 0.051581
0 0.465730 0.440218 0.011005 0.058696
0 0.485740 0.441996 0.045022 0.058696
0 0.489742 0.448221 0.039019 0.064032
0 0.506750 0.457115 0.045022 0.078261
0 0.547771 0.464229 0.079039 0.106719
0 0.636815 0.491354 0.147073 0.192095
0 0.826658 0.524704 0.345171 0.423320
