2 0.315350 0.585751 0.149146 0.166367
0 0.200323 0.579686 0.149146 0.154236
0 0.384074 0.540693 0.042892 0.065854
0 0.411856 0.542426 0.028269 0.051990
0 0.434764 0.537227 0.023395 0.048524
0 0.450361 0.534628 0.015597 0.043325
2 0.463521 0.528562 0.022421 0.045058
0 0.483017 0.527696 0.020471 0.043325
0 0.541993 0.527696 0.042892 0.071053
0 0.751089 0.611746 0.192037 0.211425
2 0.656046 0.565822 0.079934 0.140372
0 0.615591 0.551091 0.038018 0.110911
0 0.599994 0.538094 0.028269 0.071053
0 0.516648 0.520764 0.007798 0.022529
0 0.569288 0.513832 0.007798 0.019063
0 0.579036 0.505167 0.007798 0.022529
