2 0.115642 0.356139 0.230816 0.326441
0 0.875875 0.494952 0.244544 0.280678
0 0.450155 0.441501 0.063496 0.085424
0 0.535531 0.430060 0.006006 0.019831
0 0.529525 0.430823 0.009439 0.024407
0 0.521373 0.429298 0.008581 0.030508
0 0.516654 0.431586 0.011155 0.035085
0 0.508073 0.433111 0.012871 0.041186
0 0.492199 0.427772 0.025742 0.070169
0 0.479758 0.436925 0.031748 0.073220
0 0.608036 0.439976 0.036038 0.051864
0 0.593878 0.432349 0.024883 0.051864
0 0.569853 0.428535 0.007722 0.041186
0 0.563847 0.429298 0.006006 0.030508
0 0.548831 0.424721 0.030890 0.051864
