0 0.511500 0.473204 0.013199 0.026593
0 0.491262 0.467729 0.018478 0.021900
0 0.498741 0.488065 0.010559 0.021900
0 0.489062 0.493540 0.022878 0.035979
0 0.483343 0.501362 0.018478 0.029722
0 0.463984 0.505272 0.030797 0.040672
0 0.434096 0.515701 0.031677 0.053187
0 0.414738 0.521176 0.042236 0.054751
0 0.386580 0.528216 0.036957 0.065701
0 0.356663 0.536819 0.054555 0.073523
0 0.302108 0.555591 0.102071 0.107937
0 0.572244 0.469554 0.015839 0.029722
0 0.590283 0.467990 0.011439 0.023465
0 0.702033 0.454693 0.034317 0.018772
0 0.706873 0.497712 0.040477 0.076651
0 0.641319 0.505533 0.109991 0.183024
2 0.756882 0.483633 0.104711 0.161124
0 0.900823 0.471640 0.195343 0.289397
0 0.185884 0.582706 0.125829 0.139224
0 0.079413 0.625724 0.157507 0.212746
