0 0.468199 0.422343 0.007910 0.028125
0 0.479405 0.421172 0.017139 0.049219
0 0.489951 0.427031 0.030322 0.056250
0 0.513023 0.436406 0.047461 0.075000
0 0.574326 0.400078 0.040869 0.035156
0 0.627720 0.435234 0.044824 0.091406
0 0.952695 0.430547 0.064600 0.082031
0 0.227598 0.435234 0.030322 0.021094
0 0.115538 0.432890 0.104150 0.096094
0 0.411509 0.449297 0.113379 0.180469
0 0.559824 0.450468 0.093603 0.112500
0 0.780649 0.473906 0.313769 0.337500
0 0.981040 0.438750 0.036914 0.065625
0 0.021184 0.443437 0.042369 0.051562
