0 0.486114 0.411586 0.011698 0.015597
0 0.484165 0.428049 0.009748 0.017330
0 0.483190 0.436714 0.007798 0.013864
0 0.495862 0.434981 0.009748 0.017330
0 0.503661 0.436714 0.009748 0.013864
0 0.509997 0.448845 0.012673 0.024262
0 0.521974 0.455993 0.016013 0.024695
0 0.527615 0.462276 0.013647 0.025995
0 0.539800 0.464875 0.022421 0.031194
0 0.568069 0.473540 0.030219 0.045058
0 0.572943 0.481338 0.022421 0.046791
0 0.589028 0.484804 0.031194 0.064121
0 0.616322 0.491736 0.058488 0.081451
2 0.440369 0.445812 0.022421 0.034660
2 0.461257 0.460109 0.030219 0.053723
0 0.417218 0.462998 0.017547 0.015597
0 0.383587 0.481194 0.034118 0.048524
0 0.438176 0.483794 0.032169 0.057189
0 0.426478 0.496791 0.039967 0.058922
0 0.398696 0.510655 0.066287 0.093582
0 0.007798 0.554557 0.015597 0.086650
