0 0.432603 0.496172 0.026367 0.030469
0 0.408872 0.503203 0.029004 0.044531
0 0.524229 0.482109 0.009229 0.021094
0 0.530821 0.487968 0.011865 0.028125
0 0.539390 0.489140 0.015820 0.039844
0 0.559824 0.492656 0.032959 0.056250
0 0.685068 0.532500 0.117334 0.140625
0 0.754282 0.571171 0.142383 0.171094
0 0.219688 0.543046 0.093603 0.138281
0 0.114219 0.592265 0.159521 0.157031
0 0.389097 0.518437 0.034277 0.046875
0 0.500498 0.511406 0.046143 0.070312
0 0.572349 0.513750 0.034277 0.042187
0 0.029095 0.581718 0.058189 0.262500
0 0.885459 0.594609 0.228076 0.400781
1 0.460288 0.479765 0.034277 0.067969
