0 0.022380 0.488521 0.044760 0.125433
0 0.147604 0.510844 0.155463 0.106299
0 0.257624 0.509781 0.083711 0.057402
0 0.325788 0.501277 0.045443 0.044646
0 0.515931 0.534230 0.016742 0.055276
0 0.537457 0.527852 0.045443 0.080787
0 0.568549 0.559741 0.078927 0.119055
0 0.615188 0.520411 0.033484 0.040394
0 0.574528 0.488521 0.045443 0.027638
0 0.456138 0.569308 0.117195 0.184961
0 0.707270 0.589505 0.241565 0.306142
1 0.111130 0.444938 0.063381 0.093543
0 0.513539 0.450253 0.007175 0.019134
0 0.535663 0.454505 0.010763 0.019134
0 0.555395 0.457694 0.009567 0.021260
0 0.782011 0.544860 0.084907 0.131811
