0 0.899426 0.376786 0.084375 0.065816
0 0.920520 0.396429 0.076626 0.070408
0 0.951946 0.402296 0.094707 0.085204
0 0.981219 0.425000 0.034439 0.061225
0 0.615019 0.353572 0.012054 0.009184
0 0.604257 0.354337 0.009471 0.010714
0 0.595217 0.353572 0.010332 0.012245
0 0.585746 0.353572 0.010332 0.015306
0 0.574984 0.352806 0.014636 0.026020
0 0.555613 0.358929 0.022385 0.035204
0 0.501084 0.357398 0.055102 0.044388
3 0.527344 0.379592 0.023246 0.030612
3 0.496062 0.386225 0.028412 0.048980
0 0.267044 0.338776 0.069739 0.045918
0 0.016358 0.298214 0.010332 0.029082
0 0.035300 0.301276 0.027551 0.038265
0 0.006457 0.308674 0.012915 0.073469
0 0.648023 0.360714 0.006888 0.027551
0 0.655772 0.364286 0.012054 0.024490
0 0.662660 0.367347 0.017219 0.030612
0 0.676005 0.371174 0.018080 0.032143
0 0.692794 0.377296 0.027551 0.032143
0 0.630086 0.366582 0.031856 0.044388
