0 0.414966 0.379488 0.014350 0.006378
0 0.404203 0.382677 0.014350 0.012756
0 0.390450 0.385866 0.015546 0.010630
0 0.373708 0.387992 0.017938 0.014882
0 0.359358 0.389055 0.010763 0.012756
0 0.349193 0.393307 0.014350 0.012756
0 0.333647 0.394370 0.016742 0.014882
0 0.316506 0.399685 0.019134 0.021260
0 0.266878 0.408189 0.020330 0.025512
0 0.243558 0.411378 0.026309 0.027638
0 0.223428 0.416693 0.025113 0.034016
0 0.198315 0.417756 0.032288 0.040394
0 0.155861 0.419882 0.057402 0.061654
0 0.122377 0.432638 0.057402 0.074409
0 0.077133 0.445394 0.063381 0.074409
0 0.038268 0.451772 0.076535 0.108425
0 0.437289 0.382677 0.021526 0.025512
0 0.451240 0.387992 0.021526 0.023386
0 0.470972 0.389055 0.022721 0.029764
0 0.501467 0.402874 0.050226 0.061654
0 0.934171 0.377362 0.127958 0.104173
0 0.810997 0.389055 0.135133 0.097795
0 0.989744 0.586559 0.017938 0.146693
