0 0.525474 0.420920 0.018626 0.035660
0 0.638664 0.422194 0.021492 0.017830
0 0.359271 0.413279 0.014328 0.015283
0 0.366435 0.424741 0.017193 0.022925
0 0.387210 0.426015 0.027223 0.025472
0 0.416582 0.412005 0.025790 0.022925
0 0.400821 0.428562 0.014328 0.030566
0 0.749107 0.458066 0.118921 0.140094
0 0.580755 0.424953 0.051580 0.073868
0 0.492264 0.421193 0.063043 0.104434
0 0.321353 0.437349 0.078189 0.084057
0 0.121787 0.444991 0.048715 0.043302
0 0.050676 0.438114 0.101352 0.157925
0 0.876634 0.510708 0.246732 0.354057
0 0.158663 0.441934 0.022925 0.038208
0 0.940540 0.705442 0.118920 0.309706
