0 0.061172 0.638100 0.048094 0.033000
0 0.347709 0.606300 0.007594 0.018000
0 0.327821 0.610050 0.008559 0.022500
0 0.324928 0.613050 0.014344 0.022500
0 0.432928 0.592050 0.010969 0.016500
0 0.440522 0.592800 0.007594 0.018000
0 0.444741 0.592800 0.009281 0.024000
0 0.453178 0.594300 0.010969 0.027000
0 0.418584 0.592050 0.016031 0.037500
0 0.467353 0.594900 0.027506 0.034200
0 0.385805 0.638625 0.086062 0.124500
0 0.299742 0.618375 0.030375 0.039000
0 0.121500 0.702750 0.210937 0.244500
0 0.029016 0.717109 0.054844 0.157500
0 0.623859 0.581359 0.105469 0.060000
3 0.831347 0.634950 0.088594 0.157500
3 0.776925 0.632700 0.101250 0.132000
3 0.945844 0.639750 0.105469 0.180000
0 0.338982 0.610432 0.012633 0.019963
