0 0.280670 0.475258 0.039433 0.047423
0 0.246456 0.468041 0.054510 0.061856
0 0.204704 0.502062 0.061469 0.059794
0 0.133376 0.494845 0.111340 0.115464
0 0.309665 0.476289 0.016237 0.020619
0 0.318943 0.484536 0.016237 0.024742
0 0.340400 0.484536 0.026675 0.037113
0 0.414046 0.504124 0.023196 0.047423
0 0.437822 0.515464 0.033634 0.053608
0 0.483634 0.549485 0.097423 0.117526
0 0.584420 0.574021 0.083737 0.097320
0 0.910206 0.680000 0.176289 0.189691
0 0.906147 0.867629 0.184407 0.259794
0 0.378673 0.509278 0.054510 0.086598
