0 0.237366 0.413319 0.102355 0.109178
0 0.391385 0.377792 0.061413 0.093582
0 0.443538 0.371727 0.033143 0.043325
0 0.534195 0.367394 0.052640 0.076252
0 0.486917 0.356996 0.014622 0.027728
0 0.704786 0.337067 0.046791 0.067587
0 0.670668 0.341399 0.033143 0.045058
0 0.559540 0.347465 0.009748 0.015597
0 0.472294 0.356996 0.012673 0.020796
0 0.505438 0.350064 0.008773 0.017330
0 0.462059 0.367394 0.007798 0.020796
0 0.573187 0.344865 0.011698 0.017330
0 0.582448 0.340533 0.006824 0.015597
0 0.590734 0.337933 0.007798 0.013864
