0 0.259412 0.422877 0.028073 0.043669
0 0.227830 0.421006 0.043513 0.037431
0 0.186422 0.419758 0.040706 0.044917
0 0.152384 0.424125 0.024564 0.046164
0 0.109572 0.419758 0.034389 0.044917
0 0.077288 0.421006 0.027371 0.044917
0 0.706976 0.430096 0.035091 0.029945
0 0.531871 0.423234 0.062462 0.031192
0 0.876818 0.419669 0.022458 0.028697
0 0.921735 0.416550 0.036495 0.027449
0 0.963142 0.418421 0.046320 0.028697
0 0.039777 0.415896 0.051935 0.044917
0 0.009361 0.413401 0.018723 0.049908
0 0.628609 0.467260 0.162823 0.203373
0 0.346124 0.537754 0.264588 0.331885
0 0.991328 0.422343 0.016142 0.031192
