0 0.027761 0.635214 0.055522 0.384803
0 0.060306 0.439623 0.119587 0.099921
0 0.264799 0.431119 0.064577 0.070157
0 0.298283 0.408797 0.021526 0.034016
0 0.310840 0.416237 0.020330 0.040394
0 0.362262 0.424893 0.089690 0.138493
0 0.410097 0.405608 0.044247 0.078661
0 0.533869 0.413048 0.038268 0.072283
0 0.472282 0.435371 0.115999 0.201969
0 0.340737 0.387537 0.027505 0.025512
0 0.575724 0.423678 0.069360 0.097795
0 0.654651 0.455568 0.121978 0.148819
0 0.809061 0.505276 0.299251 0.276378
0 0.976026 0.680669 0.044247 0.304016
