0 0.505863 0.498969 0.012758 0.028866
0 0.493686 0.498969 0.020876 0.037113
0 0.483827 0.502062 0.019716 0.039175
0 0.464691 0.504124 0.032474 0.076289
0 0.428737 0.514433 0.071907 0.109278
0 0.549356 0.495876 0.009278 0.035052
0 0.557474 0.501031 0.016237 0.037113
0 0.571972 0.502062 0.026675 0.047423
0 0.592268 0.504124 0.023196 0.055670
0 0.617784 0.504124 0.041753 0.084536
0 0.631701 0.516495 0.034794 0.084536
0 0.667075 0.521650 0.073067 0.123711
0 0.530049 0.502766 0.019716 0.024732
0 0.744611 0.534729 0.147294 0.167010
0 0.324186 0.549162 0.164691 0.175258
0 0.892485 0.498647 0.062629 0.057732
