0 0.376403 0.479429 0.016059 0.026511
0 0.323063 0.494214 0.022942 0.029569
0 0.292091 0.499312 0.033266 0.045884
0 0.361238 0.479293 0.018927 0.027530
0 0.423627 0.472156 0.017780 0.049962
0 0.438253 0.470117 0.022942 0.066276
0 0.456033 0.462979 0.026383 0.074434
0 0.512814 0.458391 0.100944 0.177417
0 0.606907 0.438508 0.164608 0.223301
0 0.232350 0.528236 0.094062 0.082591
0 0.191628 0.556276 0.098650 0.120317
0 0.124523 0.620003 0.134210 0.149887
0 0.062548 0.700781 0.124459 0.183648
0 0.815582 0.415113 0.367069 0.342598
0 0.401610 0.479860 0.022942 0.047923
0 0.350277 0.498213 0.030398 0.047923
