0 0.305567 0.487973 0.014346 0.013602
0 0.269703 0.492223 0.011477 0.015302
0 0.256791 0.498174 0.014346 0.013602
0 0.247706 0.500724 0.019128 0.015302
0 0.230969 0.504125 0.014346 0.018703
0 0.218536 0.508376 0.012433 0.013602
0 0.204668 0.510926 0.015302 0.015302
0 0.317522 0.486272 0.007651 0.020403
0 0.325652 0.492223 0.014346 0.025504
0 0.334737 0.497324 0.011477 0.032305
0 0.346214 0.501575 0.026779 0.051008
0 0.359125 0.506675 0.021997 0.040806
0 0.368689 0.513476 0.029648 0.054408
0 0.381600 0.532179 0.017215 0.037406
0 0.291221 0.494774 0.014346 0.023804
0 0.427507 0.510416 0.089901 0.132620
0 0.107594 0.522318 0.153979 0.166625
0 0.186496 0.506165 0.019128 0.035705
0 0.881124 0.484912 0.014346 0.023804
0 0.858171 0.480661 0.012433 0.015302
0 0.867735 0.482362 0.012433 0.018703
0 0.737665 0.476411 0.016259 0.044207
0 0.754402 0.472160 0.024866 0.052708
0 0.804613 0.490013 0.096596 0.132620
0 0.940420 0.494263 0.117636 0.117317
