0 0.467565 0.309906 0.014328 0.020377
0 0.506250 0.315849 0.022925 0.035660
0 0.418134 0.312029 0.024357 0.028019
0 0.386613 0.313302 0.030088 0.035660
0 0.352226 0.315849 0.038685 0.040755
0 0.322138 0.315849 0.035820 0.035660
0 0.291333 0.315849 0.025790 0.040755
0 0.262677 0.317123 0.037252 0.048396
0 0.222559 0.323491 0.045849 0.056038
0 0.168113 0.329859 0.074505 0.078962
0 0.071400 0.354057 0.141846 0.219057
0 0.593650 0.314151 0.025790 0.050943
0 0.612993 0.311604 0.018626 0.056038
0 0.691796 0.302689 0.032954 0.058585
0 0.642365 0.325613 0.077370 0.094245
0 0.486191 0.319246 0.022925 0.040755
0 0.447506 0.329434 0.037252 0.050943
0 0.446074 0.311604 0.028656 0.030566
0 0.550667 0.316698 0.083101 0.117170
0 0.826478 0.395236 0.345301 0.364246
0 0.959727 0.235189 0.078803 0.066226
