2 0.413134 0.248310 0.016828 0.022438
2 0.364227 0.242701 0.034708 0.063573
0 0.398304 0.267382 0.016618 0.026177
0 0.384526 0.276731 0.016828 0.029917
0 0.356128 0.257098 0.016828 0.031787
0 0.359809 0.264578 0.011569 0.024307
0 0.370327 0.258033 0.017880 0.029917
0 0.428700 0.274862 0.021035 0.033657
0 0.442373 0.291690 0.033657 0.044875
0 0.442899 0.263643 0.019984 0.014958
0 0.473926 0.298234 0.046278 0.084141
0 0.728559 0.325346 0.093186 0.078532
0 0.328572 0.301974 0.061002 0.076662
0 0.324365 0.310388 0.039967 0.082272
0 0.301226 0.319737 0.046278 0.097230
0 0.238856 0.349654 0.131471 0.175762
0 0.966765 0.380214 0.063106 0.140236
0 0.121128 0.424446 0.240855 0.314128
0 0.408348 0.304311 0.045226 0.063573
0 0.373114 0.280004 0.031553 0.044875
0 0.537190 0.308051 0.125160 0.235596
0 0.803550 0.530090 0.392309 0.430056
