0 0.522949 0.316406 0.023730 0.051562
0 0.523608 0.325781 0.017139 0.046875
0 0.546679 0.323437 0.036914 0.065625
0 0.550634 0.331640 0.023730 0.058594
0 0.588208 0.318750 0.056689 0.117187
0 0.493286 0.330859 0.040869 0.067969
0 0.436596 0.345703 0.080420 0.133594
0 0.377490 0.338672 0.039551 0.058594
0 0.355078 0.319922 0.018457 0.030469
0 0.341235 0.339844 0.035596 0.051562
0 0.318823 0.336328 0.025049 0.039844
0 0.256860 0.367968 0.125244 0.159375
0 0.163257 0.371484 0.106787 0.147656
0 0.060644 0.386718 0.118652 0.126562
0 0.928484 0.300299 0.137109 0.091406
0 0.949578 0.344831 0.097559 0.133594
