0 0.355694 0.342298 0.013196 0.023460
0 0.342498 0.342298 0.017995 0.027725
0 0.328103 0.344431 0.013196 0.019194
0 0.320905 0.345497 0.020394 0.025592
0 0.305309 0.348696 0.015595 0.027725
0 0.282516 0.352962 0.017995 0.023460
0 0.255524 0.350829 0.031191 0.049052
0 0.229132 0.382820 0.057583 0.113033
0 0.171549 0.403080 0.100770 0.174881
0 0.071379 0.444668 0.142758 0.386019
0 0.364812 0.344431 0.008398 0.019194
0 0.373209 0.345497 0.008398 0.021327
0 0.380407 0.347630 0.010797 0.021327
0 0.391204 0.349763 0.015595 0.034123
0 0.420595 0.356161 0.047986 0.072512
0 0.455385 0.368957 0.059982 0.081043
0 0.502171 0.387085 0.079176 0.134360
0 0.568151 0.420142 0.131961 0.196208
0 0.747138 0.472180 0.345497 0.336967
