0 0.321474 0.290200 0.021605 0.044099
0 0.310272 0.292334 0.021605 0.045522
0 0.300269 0.294468 0.024006 0.046944
0 0.287866 0.295891 0.026406 0.055479
0 0.270662 0.299447 0.027206 0.068282
0 0.241056 0.298736 0.054413 0.086776
0 0.209448 0.307982 0.055213 0.102424
0 0.158637 0.320785 0.092821 0.130875
0 0.063715 0.333588 0.127429 0.190622
0 0.435035 0.229954 0.019358 0.025029
0 0.416204 0.219395 0.019358 0.018772
0 0.428523 0.244424 0.026398 0.021900
0 0.405645 0.245206 0.021118 0.020336
0 0.396846 0.228780 0.014079 0.018772
0 0.379248 0.232691 0.022878 0.032851
0 0.429843 0.209227 0.009679 0.017207
0 0.469000 0.205316 0.019358 0.018772
0 0.458881 0.235038 0.025518 0.025029
0 0.491438 0.296828 0.039597 0.076651
0 0.560512 0.266324 0.047516 0.025029
0 0.533234 0.327332 0.068634 0.112630
0 0.598349 0.347668 0.109111 0.159560
0 0.711419 0.399290 0.227901 0.265933
0 0.892948 0.497138 0.211182 0.412978
0 0.429667 0.358227 0.134628 0.209618
