0 0.055721 0.603750 0.111442 0.135937
0 0.851182 0.633820 0.296631 0.327327
0 0.685751 0.581126 0.187078 0.225298
0 0.577628 0.592748 0.067388 0.116225
0 0.263317 0.576656 0.038220 0.048278
0 0.500685 0.573107 0.044255 0.051910
0 0.478054 0.567715 0.019110 0.041126
0 0.465482 0.564139 0.014081 0.037550
0 0.452807 0.564139 0.019315 0.030397
0 0.440840 0.555199 0.013075 0.033974
0 0.284439 0.575762 0.020116 0.039338
0 0.299023 0.570397 0.019110 0.035762
0 0.315618 0.567715 0.014081 0.033974
0 0.328191 0.565033 0.017099 0.039338
0 0.343278 0.563245 0.015087 0.028609
0 0.353839 0.557881 0.020116 0.025033
