1 0.410681 0.507707 0.035581 0.023305
0 0.412366 0.514365 0.028090 0.029963
0 0.406280 0.518527 0.014045 0.021640
0 0.385212 0.514365 0.033708 0.033292
0 0.341204 0.519359 0.082398 0.049938
0 0.254124 0.520191 0.119852 0.131504
0 0.218449 0.536005 0.092698 0.159803
0 0.112361 0.535173 0.177905 0.204747
0 0.065076 0.549322 0.109552 0.209741
0 0.431093 0.507707 0.009363 0.016646
0 0.457310 0.512700 0.007491 0.013317
0 0.472292 0.511036 0.007491 0.009988
1 0.532218 0.506874 0.018727 0.014982
0 0.537368 0.517694 0.027154 0.029963
0 0.559372 0.524353 0.018727 0.036621
0 0.573885 0.520191 0.027154 0.048274
0 0.597949 0.521024 0.046817 0.059926
0 0.603099 0.527682 0.036517 0.053268
0 0.653475 0.525185 0.087080 0.081566
0 0.655347 0.532676 0.062735 0.076572
0 0.744206 0.531843 0.136706 0.134834
0 0.792615 0.540167 0.088953 0.144821
0 0.906943 0.536837 0.185396 0.221393
0 0.029495 0.563471 0.058990 0.256350
0 0.956007 0.589273 0.086144 0.211406
0 0.464052 0.515031 0.013109 0.019975
0 0.444389 0.522522 0.028090 0.038286
1 0.500944 0.502713 0.044008 0.086560
