0 0.982852 0.547354 0.032779 0.174820
0 0.563556 0.433235 0.084679 0.092266
0 0.425612 0.429593 0.021853 0.031565
0 0.853102 0.473298 0.163894 0.138399
0 0.771838 0.440519 0.102434 0.116547
0 0.717890 0.432021 0.060094 0.094694
0 0.655747 0.417453 0.075118 0.084982
0 0.441319 0.428379 0.015024 0.029137
0 0.452245 0.424737 0.009560 0.021853
0 0.459074 0.421095 0.012292 0.019424
0 0.469317 0.419881 0.010926 0.016996
0 0.477512 0.419881 0.010926 0.012140
0 0.484341 0.417453 0.013658 0.016996
0 0.492536 0.417453 0.010926 0.016996
0 0.525314 0.415025 0.016389 0.031565
0 0.196331 0.437051 0.066923 0.043705
0 0.135554 0.432195 0.046437 0.053417
0 0.096041 0.430981 0.051710 0.060701
