0 0.476907 0.389901 0.022981 0.026645
0 0.457424 0.397895 0.009992 0.024868
0 0.442436 0.384572 0.021982 0.019539
0 0.442935 0.410329 0.016986 0.024868
0 0.427948 0.412105 0.016986 0.031974
0 0.414958 0.413882 0.012989 0.031974
0 0.402469 0.422763 0.025979 0.056842
0 0.381986 0.421875 0.026978 0.058618
0 0.367498 0.435197 0.035970 0.067500
0 0.327530 0.436974 0.073939 0.106579
0 0.188645 0.518684 0.279770 0.337500
0 0.033872 0.555099 0.067744 0.229145
0 0.068244 0.444967 0.108910 0.101250
0 0.516875 0.406776 0.016986 0.017763
0 0.535859 0.403224 0.024979 0.042632
0 0.547349 0.412993 0.023980 0.062171
0 0.560339 0.419211 0.027977 0.071053
0 0.568332 0.429868 0.031974 0.071053
0 0.591313 0.434309 0.053956 0.097697
0 0.623787 0.452961 0.080933 0.138553
0 0.707218 0.477829 0.167862 0.206053
0 0.855096 0.597730 0.289762 0.406776
