0 0.325586 0.490437 0.007798 0.010398
0 0.346057 0.488704 0.009748 0.013864
0 0.319250 0.499102 0.008773 0.017330
0 0.310476 0.507767 0.012673 0.017330
0 0.300728 0.521631 0.014622 0.020796
0 0.335334 0.505167 0.011698 0.019063
0 0.349956 0.506034 0.013647 0.017330
0 0.373351 0.490437 0.009748 0.010398
0 0.390898 0.491303 0.009748 0.012131
0 0.399184 0.499102 0.006824 0.020796
0 0.406007 0.506034 0.012673 0.020796
0 0.322661 0.561489 0.023395 0.041592
0 0.304140 0.571021 0.029244 0.043325
0 0.286106 0.538960 0.014622 0.017330
0 0.264173 0.528562 0.021446 0.020796
0 0.280745 0.579686 0.027295 0.067587
0 0.246626 0.575353 0.046791 0.103980
0 0.356292 0.574487 0.049715 0.074519
0 0.158406 0.601348 0.156944 0.180231
0 0.022908 0.584968 0.045816 0.119742
0 0.444025 0.580552 0.067262 0.093582
0 0.486429 0.564955 0.035093 0.065854
0 0.504463 0.579686 0.039967 0.077985
0 0.552716 0.579686 0.079934 0.095315
0 0.584885 0.604814 0.081884 0.100514
0 0.674567 0.615212 0.152070 0.169833
0 0.819326 0.675867 0.279770 0.211425
0 0.986018 0.773781 0.026320 0.140372
