0 0.308996 0.546217 0.017985 0.028421
0 0.291010 0.547993 0.009992 0.035526
0 0.282517 0.549770 0.010991 0.042632
0 0.264532 0.547105 0.034971 0.044408
0 0.243550 0.549770 0.010991 0.039079
0 0.233058 0.552434 0.019984 0.040855
0 0.198587 0.541776 0.048960 0.076382
0 0.332476 0.545329 0.016986 0.019539
0 0.347464 0.547993 0.004996 0.014211
0 0.402419 0.550658 0.018984 0.033750
0 0.370945 0.552434 0.041965 0.069276
0 0.419904 0.552434 0.011990 0.026645
0 0.427898 0.552434 0.011990 0.033750
0 0.443885 0.546217 0.031974 0.042632
0 0.446882 0.558651 0.013988 0.028421
0 0.472361 0.560428 0.042965 0.053289
0 0.578824 0.586184 0.088927 0.120789
0 0.676243 0.606612 0.173857 0.197171
0 0.847103 0.678553 0.303750 0.284211
0 0.982119 0.786778 0.030219 0.180231
