0 0.026684 0.634187 0.050983 0.154240
0 0.564090 0.322526 0.028622 0.033392
0 0.601209 0.319346 0.018783 0.023852
0 0.631620 0.312191 0.022361 0.031802
0 0.659347 0.309011 0.022361 0.041343
0 0.683497 0.302650 0.024150 0.041343
0 0.706752 0.305035 0.027727 0.042933
0 0.741635 0.294700 0.047405 0.047703
0 0.776071 0.294435 0.019678 0.046113
0 0.825712 0.284099 0.054560 0.054064
0 0.789487 0.290459 0.025044 0.057244
0 0.889217 0.272173 0.063505 0.062014
0 0.931703 0.263693 0.044722 0.084276
0 0.978958 0.246466 0.037566 0.085866
