0 0.578496 0.579643 0.060117 0.116250
0 0.577969 0.602143 0.046406 0.116250
0 0.511523 0.544955 0.008437 0.016875
0 0.502031 0.547768 0.012656 0.015000
0 0.492539 0.546830 0.010547 0.016875
0 0.483574 0.551518 0.009492 0.015000
0 0.475137 0.550580 0.011602 0.020625
0 0.360703 0.560893 0.025312 0.037500
0 0.247324 0.572143 0.051680 0.052500
0 0.206719 0.583393 0.040078 0.048750
0 0.157676 0.577768 0.062227 0.067500
0 0.089121 0.584330 0.081211 0.080625
0 0.533672 0.550000 0.012656 0.018750
0 0.642304 0.625000 0.128672 0.176250
2 0.274219 0.540625 0.088594 0.082500
2 0.454570 0.542500 0.035859 0.056250
2 0.406329 0.544394 0.071170 0.069375
0 0.026641 0.592207 0.053283 0.097500
0 0.282150 0.566894 0.027422 0.024375
0 0.478358 0.463862 0.017995 0.010664
0 0.459763 0.464929 0.016795 0.012796
0 0.434391 0.462796 0.013196 0.012796
