0 0.408961 0.393001 0.072321 0.090306
0 0.490753 0.387644 0.063712 0.104082
0 0.684471 0.406776 0.141199 0.105612
2 0.835141 0.344787 0.161862 0.140816
0 0.331186 0.369388 0.039605 0.027551
0 0.360459 0.368623 0.025829 0.022959
0 0.388441 0.361735 0.021524 0.027551
0 0.523183 0.350000 0.010332 0.015306
0 0.533084 0.346174 0.007749 0.016837
0 0.540833 0.346939 0.012915 0.012245
2 0.552025 0.350765 0.012915 0.022959
0 0.567092 0.347194 0.006888 0.013776
0 0.572688 0.354082 0.011193 0.012245
0 0.580437 0.357143 0.009471 0.021429
0 0.589477 0.357908 0.012054 0.019898
0 0.594643 0.365561 0.012054 0.032143
2 0.615737 0.355612 0.038744 0.073469
