0 0.341231 0.506633 0.022385 0.036735
0 0.372226 0.502806 0.012054 0.022959
0 0.412692 0.485970 0.008610 0.016837
0 0.425606 0.488266 0.015497 0.027551
0 0.436368 0.497449 0.011193 0.021429
2 0.451435 0.492857 0.025829 0.042857
0 0.454449 0.511115 0.023246 0.027332
0 0.360808 0.514067 0.021524 0.033673
0 0.416340 0.518659 0.027551 0.042857
0 0.605815 0.573394 0.117953 0.127838
0 0.917794 0.538589 0.037883 0.038265
0 0.958259 0.541650 0.024107 0.026020
0 0.879911 0.533232 0.027551 0.033673
0 0.829975 0.530936 0.067156 0.026020
0 0.748183 0.530170 0.048214 0.030612
0 0.654768 0.600579 0.128284 0.150000
0 0.799285 0.638010 0.247959 0.218878
0 0.175943 0.541582 0.349554 0.485204
0 0.946941 0.708419 0.102455 0.252551
