0 0.357796 0.444919 0.019716 0.035052
0 0.286469 0.452136 0.037113 0.053608
0 0.255735 0.457290 0.026675 0.039175
0 0.140335 0.457290 0.215722 0.216495
0 0.327062 0.456996 0.062629 0.076289
0 0.426224 0.449779 0.017397 0.037113
0 0.531186 0.444625 0.023196 0.022680
0 0.550902 0.447717 0.020876 0.024742
0 0.571778 0.450810 0.020876 0.030928
0 0.606572 0.452872 0.051031 0.092784
0 0.393750 0.451841 0.066108 0.098969
0 0.465077 0.466274 0.076546 0.103093
0 0.055670 0.586156 0.111340 0.251546
0 0.685770 0.474521 0.136856 0.169072
0 0.847892 0.449190 0.026675 0.028866
0 0.806720 0.450221 0.088144 0.047423
0 0.578061 0.304140 0.023395 0.015597
0 0.934841 0.444512 0.115027 0.060655
