0 0.421732 0.543813 0.007722 0.013729
0 0.402855 0.543051 0.014587 0.018305
0 0.388268 0.539237 0.014587 0.022881
0 0.375826 0.540763 0.012013 0.025932
0 0.364243 0.539237 0.011155 0.032034
0 0.352230 0.540763 0.014587 0.035085
0 0.336356 0.538474 0.018877 0.045763
0 0.521695 0.546102 0.006864 0.024407
0 0.528130 0.548390 0.007722 0.028983
0 0.535853 0.552203 0.009439 0.033559
0 0.538856 0.553271 0.010297 0.029593
0 0.545720 0.556780 0.006864 0.039661
0 0.552156 0.552203 0.007722 0.033559
0 0.470641 0.553729 0.103824 0.158644
0 0.598061 0.561966 0.104682 0.149491
0 0.670567 0.584085 0.042044 0.090000
0 0.729772 0.578746 0.078083 0.134237
0 0.835227 0.619169 0.175042 0.157119
0 0.957928 0.642813 0.080657 0.198305
0 0.184052 0.536034 0.301176 0.335593
0 0.026600 0.554339 0.053199 0.125085
