0 0.500633 0.536427 0.011392 0.021941
0 0.472152 0.537271 0.011392 0.020253
0 0.517247 0.535583 0.014241 0.023629
0 0.531487 0.544866 0.019937 0.032067
0 0.541930 0.549086 0.016139 0.037131
0 0.550949 0.554993 0.013291 0.045570
0 0.496835 0.536427 0.011392 0.025316
0 0.450791 0.534458 0.012342 0.030380
0 0.455063 0.527707 0.018987 0.043882
0 0.420886 0.546273 0.045570 0.077637
0 0.484782 0.540422 0.014241 0.020253
0 0.052283 0.514261 0.085569 0.062447
2 0.262975 0.515330 0.362658 0.469198
2 0.595253 0.533052 0.089240 0.140084
2 0.452373 0.511955 0.023734 0.057384
