0 0.505262 0.674644 0.027592 0.042654
0 0.518459 0.636255 0.010797 0.017062
0 0.510061 0.640521 0.008398 0.025592
0 0.501064 0.643720 0.011996 0.014929
0 0.469873 0.663981 0.023993 0.038389
0 0.463875 0.668246 0.021594 0.038389
0 0.449479 0.668246 0.026392 0.055450
0 0.434483 0.675710 0.025193 0.057583
0 0.412290 0.678909 0.038389 0.063981
0 0.383499 0.691706 0.067180 0.072512
0 0.292326 0.678909 0.105569 0.072512
0 0.186157 0.709834 0.070779 0.074645
0 0.086780 0.789810 0.173561 0.298578
0 0.538253 0.634123 0.011996 0.021327
0 0.550849 0.671445 0.020394 0.049052
0 0.563445 0.683175 0.031191 0.123697
0 0.772725 0.742890 0.454549 0.511848
