0 0.440419 0.312506 0.008608 0.017003
0 0.431333 0.310806 0.009564 0.017003
0 0.397381 0.312506 0.014346 0.027204
0 0.415074 0.315907 0.022953 0.034005
0 0.383035 0.318457 0.016259 0.025504
0 0.367255 0.321008 0.019128 0.034005
0 0.348605 0.320158 0.023910 0.042506
0 0.322782 0.323558 0.043038 0.049307
0 0.296960 0.318457 0.010520 0.039106
0 0.278310 0.319307 0.028692 0.047607
0 0.201321 0.310806 0.073642 0.047607
0 0.236229 0.335460 0.110941 0.059509
0 0.139155 0.334610 0.085119 0.078212
0 0.065513 0.321008 0.083206 0.085013
0 0.035387 0.333760 0.070773 0.103715
0 0.484891 0.360114 0.097552 0.149622
