0 0.030586 0.465937 0.059062 0.189375
0 0.939726 0.526875 0.118125 0.191250
0 0.747246 0.474375 0.233086 0.262500
0 0.439805 0.392812 0.054844 0.084375
0 0.618574 0.413437 0.047461 0.050625
0 0.558984 0.404062 0.023203 0.031875
0 0.538945 0.403125 0.010547 0.022500
0 0.517324 0.396562 0.017930 0.028125
0 0.480410 0.387187 0.026367 0.046875
0 0.502031 0.397500 0.010547 0.018750
0 0.407109 0.384375 0.014766 0.030000
0 0.386543 0.386250 0.022148 0.037500
0 0.358066 0.379687 0.026367 0.054375
0 0.336973 0.390937 0.015820 0.043125
