0 0.597649 0.331379 0.067904 0.144521
0 0.671005 0.352632 0.022953 0.040806
0 0.419856 0.338180 0.021041 0.022103
0 0.406945 0.332229 0.014346 0.020403
0 0.397381 0.330529 0.010520 0.017003
0 0.378731 0.326279 0.009564 0.015302
0 0.359603 0.327129 0.013389 0.013602
0 0.348127 0.336225 0.017215 0.049307
0 0.332824 0.339625 0.036343 0.056108
0 0.311306 0.343026 0.029648 0.059509
0 0.283092 0.342176 0.042081 0.071411
0 0.236229 0.348127 0.080337 0.093514
0 0.163424 0.364279 0.092531 0.095214
0 0.723511 0.329424 0.051645 0.042506
0 0.755550 0.334525 0.031561 0.025504
0 0.721598 0.375331 0.078424 0.093514
0 0.800022 0.368530 0.120505 0.137720
0 0.067426 0.382557 0.134851 0.119018
0 0.884663 0.468541 0.229534 0.544081
0 0.498759 0.390208 0.153979 0.260139
0 0.509757 0.201197 0.024866 0.017003
0 0.387339 0.187595 0.021041 0.013602
