0 0.168112 0.491256 0.037442 0.031202
0 0.008002 0.495070 0.016003 0.024961
0 0.261133 0.503390 0.045633 0.087365
0 0.305010 0.517951 0.088925 0.108166
0 0.354153 0.494376 0.025742 0.037442
0 0.381065 0.504430 0.042123 0.056163
2 0.416167 0.482589 0.018721 0.041602
0 0.433133 0.499230 0.026912 0.045763
0 0.471745 0.498190 0.010531 0.022881
0 0.457120 0.494030 0.011701 0.022881
0 0.487541 0.502350 0.021061 0.035362
0 0.500997 0.504430 0.015211 0.047843
0 0.523814 0.507550 0.051483 0.062404
0 0.554235 0.528352 0.037442 0.079045
0 0.602208 0.526272 0.067864 0.120647
0 0.665392 0.551233 0.121687 0.145609
3 0.644331 0.588675 0.046803 0.162250
0 0.805801 0.582435 0.264436 0.199692
0 0.406222 0.488829 0.022231 0.029122
