0 0.783557 0.210786 0.014041 0.012481
0 0.825680 0.217026 0.014041 0.016641
0 0.840305 0.229507 0.019891 0.016641
0 0.798768 0.222227 0.009361 0.014561
0 0.726224 0.240948 0.021061 0.022881
0 0.948537 0.209746 0.018721 0.018721
0 0.963163 0.186865 0.010531 0.018721
0 0.972523 0.184784 0.012871 0.014561
0 0.983590 0.264001 0.030422 0.035309
0 0.856053 0.233865 0.018721 0.020801
0 0.863073 0.257787 0.023401 0.022881
2 0.813345 0.220345 0.019891 0.043683
0 0.954923 0.219305 0.015211 0.020801
0 0.985345 0.184983 0.012871 0.022881
0 0.944978 0.322248 0.044463 0.052049
0 0.643831 0.255707 0.028082 0.035362
0 0.445358 0.292109 0.091265 0.116487
0 0.158106 0.373011 0.314749 0.325242
0 0.995431 0.208937 0.007007 0.028890
0 0.798164 0.220953 0.010926 0.019424
