0 0.316905 0.480473 0.016742 0.027638
0 0.300760 0.482599 0.013155 0.031890
0 0.295977 0.492165 0.020330 0.029764
0 0.281627 0.494291 0.020330 0.038268
0 0.159050 0.536811 0.093278 0.114803
0 0.075340 0.577205 0.148287 0.148819
0 0.010763 0.630355 0.021526 0.144567
0 0.255915 0.507047 0.038268 0.051024
0 0.342616 0.487914 0.013155 0.017008
0 0.365935 0.488977 0.021526 0.027638
0 0.391048 0.494291 0.033484 0.042520
0 0.448450 0.510236 0.066969 0.095669
0 0.515418 0.559134 0.110020 0.150945
0 0.620057 0.620788 0.224823 0.261496
0 0.345773 0.469173 0.007017 0.012474
0 0.327061 0.471252 0.007017 0.011088
