0 0.592307 0.397526 0.008119 0.016495
0 0.566791 0.393402 0.010438 0.012371
0 0.558093 0.396495 0.006959 0.022680
0 0.552294 0.399588 0.009278 0.020619
0 0.544755 0.407835 0.017397 0.028866
0 0.617242 0.393402 0.004639 0.016495
0 0.625941 0.400619 0.010438 0.022680
0 0.629768 0.402680 0.011134 0.026804
0 0.517500 0.395464 0.006959 0.020619
0 0.507062 0.398557 0.013918 0.026804
0 0.502423 0.404742 0.013918 0.030928
0 0.801302 0.419175 0.042912 0.022680
0 0.910322 0.412990 0.024356 0.010309
0 0.948016 0.415052 0.032474 0.010309
0 0.699356 0.404742 0.011598 0.018557
0 0.688918 0.403711 0.013918 0.020619
0 0.485954 0.408866 0.023196 0.039175
0 0.524575 0.403711 0.026675 0.041237
0 0.577925 0.406804 0.024356 0.039175
0 0.566327 0.397526 0.008119 0.020619
0 0.607500 0.400619 0.016237 0.030928
0 0.639626 0.403711 0.012758 0.032990
0 0.659923 0.410928 0.013918 0.026804
3 0.728235 0.430516 0.010438 0.032990
