0 0.798368 0.426316 0.107229 0.076252
0 0.859781 0.434981 0.113078 0.076252
2 0.949950 0.388190 0.094556 0.187163
0 0.692114 0.433248 0.038992 0.055456
2 0.654096 0.425449 0.044841 0.060655
0 0.600482 0.418518 0.058488 0.091849
0 0.543943 0.451444 0.031194 0.064121
1 0.416243 0.428915 0.056539 0.112644
0 0.407470 0.460109 0.023395 0.084917
0 0.371402 0.469641 0.064337 0.135173
0 0.174978 0.463575 0.032169 0.046791
0 0.203735 0.468774 0.046791 0.067587
0 0.086758 0.417651 0.095531 0.027728
0 0.613154 0.480905 0.095531 0.112644
0 0.481068 0.478306 0.117952 0.180231
0 0.295367 0.485238 0.150120 0.201027
2 0.785493 0.406109 0.173861 0.133059
