0 0.471366 0.552210 0.012292 0.024281
0 0.482975 0.565564 0.027316 0.050989
0 0.442685 0.561922 0.009560 0.033993
0 0.432441 0.564350 0.021853 0.033993
0 0.425612 0.565564 0.010926 0.041277
0 0.408540 0.569207 0.025950 0.058273
0 0.491853 0.618982 0.045071 0.152968
0 0.492536 0.657831 0.040974 0.206385
0 0.317032 0.560708 0.015024 0.060701
0 0.334788 0.563136 0.031413 0.070414
3 0.179088 0.595915 0.015024 0.029137
3 0.293131 0.587417 0.008195 0.021853
0 0.139481 0.595915 0.066923 0.058273
0 0.269913 0.576491 0.038242 0.038849
0 0.218696 0.576491 0.055997 0.058273
0 0.071191 0.600771 0.105165 0.077698
3 0.006317 0.622624 0.010926 0.033993
0 0.371664 0.566778 0.055997 0.087410
0 0.457025 0.565564 0.027316 0.036421
0 0.663941 0.719746 0.337349 0.548741
