0 0.246456 0.519794 0.031314 0.022680
0 0.274291 0.533196 0.028995 0.032990
0 0.301546 0.524949 0.023196 0.045361
0 0.345619 0.528041 0.013918 0.026804
0 0.383892 0.534227 0.041753 0.063918
0 0.410567 0.545567 0.041753 0.082474
0 0.184487 0.555876 0.048552 0.070103
2 0.280250 0.505567 0.028995 0.041237
0 0.110562 0.582887 0.108577 0.129897
0 0.219940 0.569485 0.073067 0.082474
0 0.322002 0.548866 0.054510 0.078351
0 0.470456 0.580825 0.114820 0.187629
1 0.374034 0.501650 0.054510 0.096907
0 0.023799 0.560503 0.046392 0.140206
