0 0.339857 0.460714 0.015497 0.039796
0 0.355785 0.463010 0.028412 0.041327
0 0.289060 0.457653 0.032717 0.039796
0 0.242998 0.461480 0.035300 0.035204
0 0.180578 0.441582 0.030995 0.026020
0 0.081997 0.427806 0.026690 0.016837
0 0.008610 0.425510 0.014636 0.030612
0 0.553173 0.488266 0.044770 0.039796
0 0.456314 0.373470 0.030134 0.027551
1 0.546285 0.358929 0.055102 0.026020
1 0.268623 0.383419 0.057685 0.029082
0 0.321572 0.469898 0.036161 0.052041
0 0.461910 0.504337 0.132589 0.206633
0 0.386575 0.468368 0.037022 0.052041
0 0.973917 0.557831 0.048715 0.086604
