0 0.609274 0.325283 0.053013 0.036393
0 0.806281 0.326149 0.065908 0.038126
0 0.544082 0.341321 0.054446 0.061132
0 0.697254 0.373806 0.126972 0.143838
0 0.455962 0.431746 0.190567 0.267453
0 0.353855 0.324936 0.023395 0.032927
0 0.273921 0.327535 0.040942 0.031194
0 0.227618 0.324936 0.038018 0.025995
0 0.134523 0.329268 0.021446 0.027728
0 0.110641 0.328402 0.024370 0.029461
0 0.084808 0.334467 0.021446 0.024262
0 0.925483 0.318351 0.040942 0.015597
0 0.914272 0.296688 0.032169 0.020796
0 0.975685 0.327016 0.047766 0.039859
