0 0.391468 0.405312 0.019121 0.031565
0 0.405126 0.406527 0.010926 0.019424
0 0.413320 0.402884 0.013658 0.021853
0 0.376444 0.406527 0.024584 0.038849
0 0.457708 0.406527 0.028681 0.048561
0 0.428344 0.416239 0.038242 0.053417
0 0.475463 0.408955 0.015024 0.029137
0 0.499365 0.411383 0.016389 0.029137
0 0.511657 0.411383 0.019121 0.043705
0 0.538972 0.421095 0.046437 0.058273
0 0.839445 0.461158 0.319593 0.696853
0 0.354592 0.405312 0.013658 0.016996
0 0.340934 0.404098 0.016389 0.019424
0 0.300643 0.396814 0.017755 0.029137
