0 0.445605 0.494531 0.018457 0.025781
0 0.460107 0.496875 0.013184 0.030469
0 0.411987 0.506250 0.011865 0.025781
0 0.357934 0.508593 0.032959 0.039844
0 0.495044 0.500390 0.017139 0.023437
0 0.512841 0.494531 0.023730 0.030469
0 0.529980 0.488672 0.021094 0.018750
0 0.553051 0.494531 0.043506 0.035156
0 0.584692 0.492187 0.056689 0.049219
0 0.627539 0.499218 0.044824 0.072656
0 0.792515 0.518437 0.063281 0.051562
0 0.847886 0.544218 0.166113 0.079687
0 0.104991 0.566484 0.175342 0.194531
2 0.409532 0.484453 0.011865 0.016406
2 0.413487 0.477422 0.014502 0.030469
0 0.389097 0.495000 0.034277 0.056250
0 0.468858 0.499687 0.019775 0.032812
0 0.702207 0.510234 0.130517 0.180469
0 0.240782 0.516093 0.085693 0.056250
0 0.031163 0.510234 0.035596 0.053906
0 0.978144 0.503425 0.041668 0.044087
0 0.861069 0.738749 0.276855 0.421875
0 0.010638 0.546562 0.021275 0.243750
