0 0.409265 0.462702 0.005358 0.016331
0 0.420747 0.459980 0.019137 0.024496
0 0.404289 0.462021 0.009186 0.020413
0 0.378262 0.462702 0.012248 0.019052
0 0.320084 0.466104 0.029089 0.047631
0 0.489259 0.476311 0.026027 0.043548
0 0.477777 0.482435 0.024496 0.055796
0 0.257696 0.500126 0.124776 0.137450
0 0.160477 0.490600 0.124776 0.137450
0 0.360655 0.466104 0.024496 0.031300
0 0.775632 0.511694 0.089563 0.087097
0 0.707503 0.514415 0.078846 0.108871
1 0.541772 0.441608 0.097984 0.167389
0 0.444095 0.509924 0.079612 0.115675
0 0.607146 0.509244 0.136259 0.187802
0 0.852318 0.749692 0.291106 0.496211
