4 0.081260 0.525468 0.040869 0.089062
3 0.711436 0.562968 0.038232 0.103125
0 0.321861 0.517265 0.026367 0.044531
0 0.292198 0.531328 0.048779 0.082031
0 0.574986 0.532500 0.065918 0.051562
0 0.735166 0.530156 0.064600 0.056250
0 0.797129 0.540703 0.056689 0.039844
0 0.824155 0.541875 0.044824 0.051562
0 0.855796 0.560625 0.097559 0.075000
1 0.217710 0.484453 0.113379 0.105469
0 0.234849 0.559453 0.116016 0.142969
0 0.387119 0.554765 0.143701 0.217969
0 0.648814 0.559453 0.110742 0.171094
1 0.018548 0.464531 0.037095 0.206250
