0 0.461800 0.644839 0.016381 0.024961
0 0.478181 0.648999 0.016381 0.024961
0 0.488126 0.647959 0.012871 0.031202
0 0.502167 0.650039 0.019891 0.047843
0 0.515038 0.650039 0.024571 0.060324
0 0.524399 0.662520 0.019891 0.056163
0 0.535514 0.672920 0.018721 0.060324
0 0.572372 0.669800 0.064354 0.099846
0 0.778376 0.781087 0.183845 0.243375
0 0.385745 0.642759 0.014041 0.037442
0 0.373460 0.643799 0.012871 0.035362
0 0.356494 0.647959 0.018721 0.052003
0 0.332507 0.657319 0.040952 0.049923
0 0.292725 0.664600 0.036272 0.072804
0 0.252942 0.673960 0.047973 0.079045
0 0.185078 0.670840 0.090095 0.126888
0 0.083867 0.709323 0.140408 0.153929
0 0.005661 0.718683 0.011323 0.168490
0 0.900576 0.833090 0.196572 0.322419
0 0.423773 0.640678 0.052653 0.049923
