0 0.396259 0.494769 0.010723 0.025995
0 0.405033 0.493036 0.012673 0.036393
0 0.415756 0.499102 0.016572 0.048524
0 0.425016 0.505167 0.019496 0.064121
0 0.433789 0.513832 0.021446 0.074519
0 0.490816 0.502568 0.098456 0.180231
0 0.537607 0.576220 0.125750 0.157702
0 0.718981 0.684884 0.351786 0.345894
0 0.221281 0.499968 0.021446 0.036393
0 0.204222 0.505167 0.014622 0.039859
0 0.240778 0.485238 0.021446 0.020796
0 0.096019 0.518165 0.055564 0.065854
0 0.043866 0.536361 0.062388 0.064121
0 0.006824 0.545026 0.013647 0.071053
0 0.153045 0.514699 0.074085 0.065854
0 0.269534 0.498235 0.082859 0.060655
0 0.188138 0.504301 0.015597 0.041592
0 0.889512 0.816239 0.219332 0.360462
