2 0.126637 0.497369 0.251676 0.474840
0 0.329485 0.441913 0.074085 0.086650
0 0.373351 0.428049 0.035093 0.051990
0 0.391873 0.427182 0.015597 0.043325
0 0.287081 0.435847 0.022421 0.029461
2 0.269047 0.415918 0.040942 0.062388
0 0.244677 0.437580 0.013647 0.032927
2 0.435739 0.379525 0.068237 0.169833
0 0.545405 0.442779 0.082859 0.088383
0 0.508362 0.423716 0.038018 0.064121
0 0.484967 0.421983 0.022421 0.036393
0 0.603893 0.414510 0.036068 0.065204
0 0.768149 0.472240 0.309989 0.403787
0 0.948001 0.433248 0.102355 0.166367
2 0.668718 0.333601 0.091632 0.143838
