0 0.402596 0.510366 0.013647 0.019063
0 0.415756 0.505167 0.008773 0.012131
0 0.474244 0.505167 0.012673 0.019063
0 0.491303 0.519898 0.019496 0.038126
0 0.515186 0.526829 0.038018 0.062388
0 0.389436 0.512099 0.016572 0.029461
0 0.370914 0.506034 0.018521 0.031194
0 0.194962 0.538960 0.062388 0.114377
0 0.345569 0.508633 0.039967 0.053723
0 0.150120 0.519031 0.040942 0.053723
0 0.087733 0.517298 0.081884 0.084917
0 0.023883 0.532895 0.047766 0.064121
0 0.271484 0.557157 0.172541 0.178498
0 0.444512 0.528562 0.064337 0.100514
0 0.575137 0.541560 0.101380 0.119576
0 0.744266 0.591817 0.266123 0.279012
0 0.926591 0.595283 0.143368 0.240886
