0 0.455638 0.590081 0.019597 0.030484
0 0.432367 0.592258 0.017147 0.026129
1 0.337445 0.575927 0.025721 0.041371
0 0.312949 0.584637 0.013473 0.019597
0 0.394398 0.603145 0.078387 0.104516
0 0.485645 0.593347 0.050217 0.058790
0 0.524839 0.584637 0.028170 0.019597
0 0.557296 0.606411 0.031845 0.054435
0 0.510754 0.666290 0.112681 0.156774
0 0.290290 0.584637 0.024496 0.032661
0 0.164136 0.596613 0.048992 0.056613
0 0.113919 0.588992 0.048992 0.063145
0 0.044712 0.591169 0.089423 0.080565
0 0.220476 0.688065 0.225363 0.217742
0 0.867807 0.793790 0.263380 0.407419
