0 0.057514 0.535494 0.115027 0.142105
0 0.918756 0.721791 0.160843 0.292876
0 0.091145 0.501701 0.180339 0.195828
0 0.172054 0.511233 0.143297 0.145571
0 0.229080 0.521631 0.099430 0.107445
0 0.307552 0.522497 0.098456 0.067587
0 0.345082 0.520764 0.050690 0.050257
0 0.361654 0.523364 0.048740 0.051990
0 0.379688 0.526829 0.036068 0.048524
0 0.398696 0.522497 0.033143 0.032927
0 0.411856 0.520764 0.024370 0.025995
0 0.419655 0.514699 0.026320 0.031194
0 0.578548 0.569288 0.022421 0.046791
0 0.569288 0.562356 0.027295 0.043325
0 0.524447 0.545026 0.007798 0.029461
0 0.515673 0.543293 0.013647 0.029461
0 0.486429 0.535494 0.009748 0.013864
0 0.467908 0.536361 0.027295 0.043325
0 0.611205 0.575353 0.056539 0.079718
0 0.730131 0.627343 0.126725 0.128241
0 0.538094 0.547625 0.019496 0.034660
