0 0.011210 0.785045 0.020471 0.110911
0 0.036068 0.782446 0.046791 0.081451
0 0.143784 0.761650 0.065312 0.071053
0 0.225181 0.762516 0.103330 0.114377
0 0.344595 0.791111 0.149146 0.202760
0 0.181802 0.740854 0.024370 0.046791
0 0.276845 0.732189 0.035093 0.043325
0 0.376276 0.704461 0.066287 0.064121
0 0.913395 0.703595 0.124775 0.079718
1 0.796905 0.669801 0.154994 0.116110
0 0.702836 0.696663 0.037043 0.041592
0 0.676517 0.694930 0.038992 0.041592
0 0.440126 0.707061 0.039967 0.034660
1 0.031194 0.739121 0.050690 0.025995
