0 0.407977 0.377543 0.011701 0.022881
0 0.394521 0.378583 0.012871 0.024961
0 0.352398 0.378583 0.052653 0.049923
0 0.336602 0.383783 0.042123 0.052003
0 0.302085 0.390023 0.045633 0.056163
0 0.258208 0.401464 0.100626 0.079045
0 0.236561 0.399384 0.097116 0.116487
0 0.159922 0.384823 0.093606 0.087365
0 0.124820 0.413945 0.156789 0.153929
0 0.074504 0.427875 0.148748 0.173469
0 0.422603 0.391063 0.024571 0.033282
0 0.461215 0.390023 0.026912 0.043683
0 0.499242 0.401464 0.025742 0.029122
0 0.522644 0.387943 0.021061 0.014561
0 0.547800 0.401464 0.022231 0.037442
0 0.569446 0.407704 0.039782 0.049923
0 0.574127 0.422265 0.025742 0.045763
0 0.601038 0.429546 0.051483 0.060324
0 0.632045 0.445147 0.057333 0.058243
0 0.678263 0.460748 0.060844 0.089445
0 0.524399 0.416025 0.036272 0.049923
0 0.660127 0.398344 0.019891 0.027042
0 0.674753 0.402504 0.016381 0.027042
0 0.702249 0.407704 0.019891 0.033282
0 0.720385 0.410825 0.035102 0.035362
0 0.763093 0.422265 0.050313 0.045763
0 0.822181 0.422265 0.044463 0.041602
0 0.877760 0.427466 0.031592 0.047843
0 0.903501 0.428506 0.045633 0.041602
0 0.923978 0.430586 0.074884 0.037442
0 0.907012 0.465948 0.069034 0.058243
0 0.958495 0.472188 0.080735 0.070724
0 0.981996 0.439154 0.032299 0.039556
