0 0.415744 0.493413 0.010520 0.027204
0 0.404267 0.495964 0.018171 0.039106
0 0.386574 0.502765 0.021041 0.052708
0 0.452565 0.496814 0.009564 0.020403
0 0.462129 0.498514 0.015302 0.034005
0 0.479822 0.505315 0.027735 0.047607
0 0.464998 0.502765 0.013389 0.035705
0 0.481735 0.511266 0.021997 0.042506
0 0.513774 0.518067 0.047820 0.076511
0 0.517217 0.529969 0.032517 0.066310
0 0.559298 0.531669 0.082250 0.124118
0 0.592294 0.558023 0.106160 0.129219
0 0.770215 0.595655 0.315609 0.285642
0 0.345258 0.506109 0.078424 0.095214
0 0.157004 0.511066 0.258536 0.289889
0 0.434999 0.501008 0.023910 0.030605
