0 0.412257 0.617876 0.010492 0.013990
0 0.433897 0.613212 0.009181 0.018653
0 0.439143 0.621373 0.011804 0.020984
0 0.447013 0.624870 0.011804 0.027979
0 0.454226 0.633031 0.018361 0.039637
0 0.466686 0.630699 0.022296 0.039637
0 0.469309 0.640026 0.017050 0.039637
0 0.399798 0.620207 0.011804 0.018653
0 0.564394 0.651684 0.094430 0.146891
0 0.630627 0.686658 0.145580 0.156218
0 0.375491 0.628368 0.011804 0.025648
0 0.363031 0.633031 0.013115 0.030311
0 0.347293 0.634197 0.018361 0.032642
0 0.338768 0.638860 0.017050 0.041969
0 0.389393 0.624870 0.014427 0.018653
0 0.425460 0.620207 0.010492 0.013990
0 0.132464 0.647021 0.065576 0.062953
0 0.217714 0.673834 0.083938 0.093264
0 0.321062 0.643523 0.041969 0.055959
0 0.485659 0.642358 0.040657 0.053627
3 0.147547 0.673834 0.027542 0.060622
3 0.156072 0.672668 0.031477 0.062953
0 0.057707 0.712306 0.115415 0.207513
0 0.838329 0.733290 0.320013 0.431347
