0 0.434445 0.289653 0.013431 0.020204
0 0.420497 0.288735 0.010332 0.022041
0 0.406033 0.286898 0.018597 0.025714
0 0.336811 0.278633 0.037194 0.027551
0 0.312532 0.283224 0.017564 0.025714
0 0.301167 0.280469 0.015497 0.023878
0 0.272755 0.277714 0.037194 0.036735
0 0.230912 0.274041 0.058890 0.040408
0 0.183386 0.276796 0.046492 0.038571
0 0.554705 0.314449 0.017564 0.069796
0 0.577435 0.319959 0.046492 0.084490
0 0.633226 0.344755 0.102283 0.152449
0 0.682301 0.379286 0.152908 0.185510
0 0.837379 0.450918 0.324413 0.391224
0 0.014694 0.277147 0.029389 0.060882
