0 0.067649 0.551693 0.135297 0.384803
0 0.129916 0.426260 0.051422 0.040394
0 0.227379 0.449646 0.083711 0.116929
0 0.327832 0.432638 0.121978 0.167953
0 0.393007 0.431575 0.032288 0.055276
0 0.431274 0.439016 0.060989 0.099921
0 0.468944 0.435827 0.021526 0.038268
0 0.488078 0.433701 0.014350 0.034016
0 0.504222 0.424134 0.013155 0.023386
0 0.513789 0.444331 0.015546 0.025512
0 0.776880 0.447520 0.049031 0.031890
0 0.842054 0.454961 0.043051 0.034016
0 0.900652 0.463465 0.040659 0.038268
0 0.970012 0.466654 0.057402 0.057402
