0 0.500958 0.270340 0.011477 0.017003
0 0.505262 0.277141 0.014346 0.017003
0 0.509088 0.292443 0.010520 0.034005
0 0.519130 0.293294 0.022953 0.042506
0 0.520086 0.300945 0.015302 0.037406
0 0.436115 0.255888 0.011477 0.015302
0 0.431333 0.260139 0.013389 0.017003
0 0.409814 0.279692 0.016259 0.022103
0 0.442618 0.250787 0.011094 0.011902
0 0.500767 0.262689 0.013389 0.011902
0 0.453904 0.251637 0.009564 0.013602
0 0.653503 0.354843 0.090857 0.168325
0 0.782138 0.393949 0.241011 0.290743
0 0.535197 0.303835 0.036343 0.042506
0 0.437167 0.320838 0.075555 0.103715
0 0.496941 0.298734 0.022953 0.035705
0 0.919380 0.491033 0.159717 0.438665
