0 0.390061 0.553249 0.013093 0.021485
2 0.251077 0.536240 0.027192 0.034019
0 0.231438 0.546983 0.010071 0.016114
2 0.115881 0.546759 0.026712 0.040733
0 0.077347 0.552354 0.036257 0.034019
0 0.407182 0.543402 0.011078 0.037599
0 0.413225 0.553249 0.011078 0.025066
0 0.346251 0.590849 0.090642 0.132493
1 0.467610 0.538031 0.105749 0.170093
2 0.728960 0.537135 0.070499 0.071618
3 0.593501 0.576525 0.031221 0.028647
3 0.657308 0.587268 0.034535 0.050133
3 0.823630 0.619496 0.068485 0.057294
3 0.862404 0.624868 0.077549 0.085942
3 0.097141 0.594701 0.028681 0.041277
