0 0.070721 0.582307 0.107628 0.091417
0 0.172967 0.576142 0.046639 0.038268
0 0.215420 0.570827 0.043051 0.040394
0 0.243523 0.569764 0.027505 0.029764
0 0.277605 0.570827 0.021526 0.027638
0 0.333213 0.568701 0.029897 0.040394
0 0.366100 0.570827 0.019134 0.031890
0 0.382842 0.568701 0.014350 0.019134
0 0.397192 0.574016 0.011959 0.017008
0 0.409749 0.568701 0.022721 0.019134
0 0.431872 0.570827 0.021526 0.023386
0 0.450408 0.561260 0.017938 0.025512
0 0.466552 0.565512 0.016742 0.017008
0 0.483892 0.570827 0.017938 0.027638
1 0.509604 0.554882 0.035876 0.080787
0 0.595706 0.577205 0.105236 0.155197
0 0.718282 0.601654 0.139916 0.191339
0 0.859992 0.640984 0.277441 0.312520
0 0.980775 0.755788 0.033484 0.218976
0 0.442635 0.541063 0.009567 0.014882
0 0.453398 0.508110 0.007175 0.021260
