0 0.940129 0.469889 0.016782 0.029834
0 0.906565 0.488536 0.039157 0.072099
0 0.729657 0.477348 0.020977 0.049724
0 0.711477 0.486050 0.046150 0.052210
0 0.768815 0.494751 0.076916 0.109392
0 0.845032 0.507182 0.111878 0.119337
0 0.670921 0.481077 0.029368 0.052210
0 0.596802 0.484807 0.043353 0.054696
0 0.582817 0.457459 0.034962 0.039779
0 0.549253 0.461188 0.043353 0.042265
0 0.520584 0.493508 0.125863 0.101934
0 0.361857 0.454972 0.194389 0.089503
0 0.180841 0.602723 0.361682 0.338122
0 0.982214 0.561701 0.035573 0.315746
0 0.631460 0.486749 0.056163 0.066564
