0 0.050124 0.613637 0.100248 0.079045
0 0.942114 0.604276 0.113497 0.110247
0 0.945624 0.561634 0.106476 0.054083
0 0.411487 0.608436 0.112327 0.110247
0 0.360004 0.583475 0.030422 0.056163
0 0.490467 0.602196 0.054993 0.081125
2 0.409933 0.531472 0.073312 0.056163
2 0.489297 0.530432 0.036272 0.054083
0 0.543120 0.588675 0.043293 0.062404
0 0.462970 0.569954 0.016381 0.024961
0 0.522644 0.580355 0.016381 0.029122
0 0.517378 0.569954 0.008190 0.029122
0 0.303840 0.570994 0.046803 0.047843
0 0.775379 0.594916 0.095946 0.066564
