0 0.479711 0.357060 0.056813 0.071128
0 0.564930 0.384800 0.083219 0.106691
0 0.066815 0.391201 0.119228 0.068282
0 0.132030 0.369152 0.075217 0.078240
0 0.202447 0.371286 0.080018 0.056902
0 0.334477 0.347102 0.060814 0.054057
0 0.394891 0.345680 0.021605 0.028451
0 0.416896 0.350659 0.019204 0.015648
0 0.280465 0.352793 0.032808 0.014226
0 0.268462 0.352793 0.021605 0.017071
0 0.247657 0.354926 0.012003 0.021338
0 0.172840 0.358483 0.025606 0.019916
0 0.709364 0.342123 0.037609 0.032719
0 0.743372 0.349236 0.028807 0.029874
0 0.795784 0.339278 0.100023 0.058325
0 0.846595 0.339990 0.040009 0.045522
0 0.886605 0.340701 0.080018 0.064015
0 0.954620 0.339278 0.089621 0.081085
0 0.545726 0.333588 0.032007 0.046944
0 0.511718 0.328609 0.020005 0.031296
2 0.432900 0.321496 0.035208 0.045522
0 0.381288 0.336433 0.016804 0.024183
0 0.408894 0.332166 0.016004 0.021338
2 0.292468 0.340701 0.032808 0.032719
2 0.222451 0.344257 0.044810 0.034141
