0 0.041846 0.503443 0.083693 0.207116
0 0.929041 0.590781 0.140365 0.229575
0 0.866579 0.502819 0.265290 0.260767
0 0.737794 0.512176 0.167736 0.122274
0 0.732530 0.491590 0.202126 0.158457
0 0.666208 0.482232 0.111590 0.127264
0 0.610062 0.482232 0.048426 0.082347
0 0.586199 0.485975 0.041408 0.064880
0 0.546897 0.485975 0.041408 0.034935
0 0.527597 0.485351 0.018247 0.026201
0 0.514929 0.487722 0.011931 0.016220
0 0.503700 0.486474 0.010527 0.016220
0 0.494576 0.487098 0.007720 0.012477
0 0.488611 0.485226 0.005615 0.016220
0 0.458081 0.483979 0.010527 0.011229
0 0.450993 0.486474 0.004211 0.011229
0 0.446080 0.485850 0.005615 0.014972
0 0.437307 0.486474 0.009124 0.018715
0 0.426780 0.486474 0.011931 0.021211
0 0.416603 0.485850 0.008422 0.022458
0 0.402918 0.486474 0.017546 0.028697
0 0.380109 0.485226 0.028073 0.038678
0 0.354492 0.480859 0.025968 0.049908
0 0.331683 0.475245 0.026669 0.073614
0 0.286134 0.479612 0.080710 0.089834
0 0.473802 0.480236 0.024564 0.038678
