0 0.167400 0.398250 0.081000 0.082500
0 0.336403 0.344250 0.029531 0.040500
0 0.373528 0.328500 0.012656 0.024000
0 0.466172 0.341250 0.027844 0.049500
0 0.503297 0.326250 0.026156 0.064500
0 0.447187 0.327750 0.008437 0.019500
0 0.403228 0.332250 0.009281 0.025500
2 0.441366 0.316500 0.009281 0.063000
2 0.357412 0.327750 0.027000 0.058500
2 0.559912 0.302250 0.088087 0.163500
2 0.779625 0.373500 0.237094 0.247500
2 0.422887 0.326250 0.038812 0.085500
0 0.088172 0.423750 0.140906 0.127500
0 0.477056 0.351000 0.042187 0.063000
0 0.390994 0.343500 0.030375 0.045000
0 0.268059 0.390000 0.105469 0.153000
