0 0.039640 0.375953 0.057998 0.028774
0 0.061558 0.369359 0.038441 0.034769
0 0.304342 0.340585 0.038441 0.029973
0 0.401456 0.336389 0.016860 0.026377
0 0.389991 0.341784 0.019558 0.032371
0 0.439222 0.326198 0.011465 0.020382
0 0.479349 0.333991 0.013488 0.031172
0 0.493849 0.339386 0.016860 0.029973
2 0.170473 0.328595 0.093067 0.087522
2 0.459454 0.331593 0.038441 0.086323
2 0.416630 0.326797 0.031022 0.059947
2 0.594334 0.323800 0.042487 0.056350
0 0.213972 0.378351 0.092393 0.103108
0 0.314121 0.388542 0.089021 0.099512
0 0.380931 0.347291 0.012814 0.045560
0 0.361711 0.349689 0.043162 0.067140
