0 0.185826 0.495919 0.062851 0.063265
0 0.110922 0.512245 0.086958 0.067347
0 0.308945 0.488010 0.019802 0.029082
0 0.278380 0.489541 0.041327 0.053571
0 0.335204 0.485715 0.024107 0.024490
0 0.357159 0.479592 0.021524 0.024490
0 0.401068 0.473470 0.042188 0.018367
0 0.495345 0.485715 0.037883 0.061225
0 0.663808 0.482653 0.032717 0.042857
0 0.622481 0.479592 0.048214 0.073469
0 0.940129 0.542887 0.116528 0.227611
0 0.453751 0.511285 0.086958 0.116327
0 0.557710 0.510504 0.095568 0.160684
0 0.722586 0.495183 0.068878 0.084184
