0 0.422876 0.629941 0.012006 0.016008
0 0.436883 0.626384 0.012006 0.016008
0 0.444886 0.628162 0.010005 0.016008
0 0.453391 0.629941 0.013006 0.016008
0 0.458893 0.629052 0.010005 0.021344
0 0.467898 0.629052 0.012006 0.024901
0 0.474401 0.626384 0.015007 0.033794
2 0.503415 0.598814 0.045022 0.092490
0 0.658992 0.653953 0.126062 0.124506
0 0.872681 0.742589 0.253125 0.353953
0 0.371684 0.622530 0.009004 0.019565
0 0.361679 0.623419 0.019009 0.028459
0 0.394195 0.620751 0.046023 0.033794
0 0.331664 0.621640 0.025012 0.028459
0 0.310153 0.614526 0.022011 0.042688
0 0.279138 0.606522 0.048024 0.062253
0 0.147073 0.583399 0.024012 0.026680
0 0.117058 0.619862 0.096047 0.110277
0 0.043021 0.642095 0.086043 0.144071
