0 0.193418 0.608845 0.065594 0.051578
0 0.034479 0.629028 0.065594 0.065033
2 0.107010 0.591652 0.089561 0.100914
0 0.269103 0.594269 0.050457 0.049336
0 0.301269 0.577450 0.018921 0.029153
0 0.491113 0.559510 0.020183 0.029153
0 0.412905 0.568480 0.010091 0.020183
0 0.396506 0.572965 0.025228 0.033638
0 0.646898 0.607724 0.122358 0.130066
0 0.627977 0.547176 0.046673 0.040365
0 0.601756 0.557156 0.025951 0.060325
0 0.568690 0.555025 0.034058 0.042608
2 0.479760 0.550539 0.020183 0.038123
2 0.454531 0.549044 0.022706 0.051578
2 0.431826 0.551287 0.022706 0.047093
2 0.379477 0.559510 0.029013 0.038123
0 0.820974 0.778156 0.354459 0.435050
