0 0.428917 0.648780 0.016742 0.014882
0 0.413969 0.651969 0.013155 0.012756
0 0.397825 0.656221 0.014350 0.017008
0 0.382279 0.663662 0.019134 0.019134
0 0.360753 0.667914 0.021526 0.031890
0 0.324877 0.666851 0.047835 0.106299
0 0.270465 0.695551 0.070556 0.108425
0 0.181373 0.700866 0.121978 0.182835
0 0.447653 0.640099 0.013553 0.018780
0 0.477350 0.642402 0.022721 0.031890
0 0.489309 0.647717 0.027505 0.034016
0 0.507247 0.655158 0.034680 0.048898
0 0.540731 0.654095 0.049031 0.080787
0 0.577803 0.661536 0.094473 0.112677
0 0.662111 0.702992 0.172205 0.233858
0 0.842089 0.725315 0.312121 0.397559
0 0.086900 0.730630 0.172205 0.259370
0 0.458615 0.643110 0.013155 0.017008
