0 0.538072 0.425859 0.026367 0.021094
0 0.629038 0.421172 0.015820 0.030469
0 0.776035 0.458672 0.104150 0.086719
0 0.793833 0.472734 0.100195 0.091406
0 0.831406 0.466875 0.125244 0.103125
0 0.860410 0.475078 0.117334 0.091406
0 0.909849 0.492656 0.147656 0.093750
0 0.981699 0.527812 0.035596 0.056250
2 0.751646 0.444609 0.137109 0.100781
0 0.141905 0.435234 0.025049 0.025781
0 0.298130 0.422343 0.021094 0.028125
0 0.429966 0.422343 0.013184 0.023437
0 0.459629 0.423515 0.014502 0.016406
0 0.481382 0.420000 0.013184 0.023437
