0 0.387070 0.469955 0.021094 0.031875
0 0.371250 0.476518 0.029531 0.048750
0 0.335391 0.481205 0.059062 0.080625
0 0.455097 0.462455 0.022148 0.031875
0 0.484629 0.469018 0.015820 0.026250
0 0.519961 0.469018 0.035859 0.063750
0 0.473555 0.479598 0.025312 0.035625
0 0.430840 0.491786 0.060117 0.082500
0 0.267363 0.497411 0.110742 0.131250
0 0.564559 0.508661 0.090703 0.112500
0 0.211992 0.459911 0.016875 0.011250
0 0.197226 0.461786 0.014766 0.015000
0 0.063281 0.461786 0.040078 0.026250
2 0.800282 0.483616 0.397617 0.350625
0 0.846688 0.349553 0.302695 0.296250
