0 0.321391 0.297458 0.011701 0.012481
0 0.446004 0.372342 0.019891 0.020801
0 0.464140 0.375463 0.016381 0.014561
0 0.485786 0.372342 0.019891 0.020801
0 0.500997 0.378583 0.017551 0.033282
0 0.516208 0.382743 0.022231 0.058243
0 0.529664 0.388983 0.035102 0.079045
0 0.540780 0.399384 0.029252 0.087365
0 0.577637 0.404584 0.079565 0.135208
0 0.633800 0.440986 0.117007 0.199692
0 0.424358 0.377543 0.018721 0.039522
0 0.407392 0.382743 0.017551 0.045763
0 0.391596 0.378583 0.021061 0.049923
0 0.367024 0.384823 0.028082 0.070724
0 0.334847 0.364022 0.029252 0.037442
0 0.316711 0.395224 0.063184 0.083205
0 0.815161 0.492990 0.365062 0.436826
