0 0.391193 0.412648 0.008004 0.007115
0 0.383690 0.416206 0.009004 0.010672
0 0.379688 0.417095 0.009004 0.008893
0 0.404200 0.413538 0.008004 0.008893
0 0.395195 0.420652 0.008004 0.008893
0 0.388192 0.424210 0.008004 0.012451
0 0.403699 0.424210 0.011005 0.008893
0 0.396196 0.433103 0.008004 0.012451
0 0.399197 0.435771 0.008004 0.014229
0 0.407201 0.433992 0.010005 0.014229
0 0.414205 0.433992 0.010005 0.014229
0 0.407201 0.442885 0.010005 0.010672
0 0.419707 0.441996 0.011005 0.012451
0 0.367181 0.441107 0.012006 0.014229
0 0.360178 0.417095 0.010005 0.012451
0 0.417206 0.451779 0.010005 0.017787
2 0.442719 0.489131 0.059029 0.092490
0 0.374685 0.459783 0.015007 0.019565
0 0.370683 0.466008 0.015007 0.021344
2 0.349173 0.453557 0.028014 0.049802
0 0.352174 0.470455 0.024012 0.030237
0 0.236485 0.496245 0.060474 0.060474
0 0.780636 0.578063 0.269133 0.245455
0 0.267105 0.490600 0.011482 0.025857
