0 0.372406 0.369851 0.015440 0.014972
0 0.361177 0.372346 0.012633 0.017468
0 0.346438 0.373594 0.014037 0.019963
0 0.330647 0.377337 0.017546 0.022458
0 0.298714 0.380456 0.025266 0.063632
0 0.283274 0.382951 0.030880 0.071118
0 0.254850 0.389814 0.048426 0.084843
0 0.218355 0.400419 0.077903 0.088586
0 0.433114 0.376713 0.011931 0.021211
0 0.441887 0.382951 0.011229 0.028697
0 0.451712 0.389814 0.019651 0.034935
0 0.470661 0.390438 0.029477 0.043669
0 0.485400 0.402914 0.028073 0.048660
0 0.518035 0.425106 0.063866 0.092329
0 0.393461 0.371098 0.009826 0.012477
0 0.402935 0.369851 0.007720 0.009982
0 0.413463 0.372346 0.010527 0.012477
0 0.887107 0.536506 0.224584 0.429205
