0 0.376763 0.365661 0.010723 0.031194
0 0.369452 0.368261 0.017547 0.036393
0 0.388948 0.355263 0.017547 0.020796
0 0.350931 0.371727 0.031194 0.050257
0 0.431840 0.355263 0.019496 0.027728
0 0.446949 0.363928 0.028269 0.034660
0 0.471320 0.373460 0.043866 0.060655
0 0.481068 0.385591 0.032169 0.060655
0 0.505438 0.389923 0.067262 0.093582
0 0.577746 0.418518 0.118927 0.171566
0 0.657193 0.464442 0.186188 0.221823
0 0.338431 0.378948 0.036068 0.055456
0 0.192697 0.445379 0.167667 0.162901
0 0.402011 0.349025 0.015597 0.031194
0 0.443294 0.291143 0.008773 0.015597
