0 0.480542 0.587109 0.014502 0.030469
0 0.466699 0.595312 0.015820 0.037500
0 0.408691 0.600000 0.026367 0.037500
0 0.394189 0.598828 0.015820 0.039844
0 0.371777 0.600000 0.036914 0.056250
0 0.264990 0.615234 0.063281 0.082031
0 0.335522 0.610546 0.061963 0.067969
0 0.138428 0.637500 0.203027 0.196875
0 0.504272 0.581250 0.009229 0.018750
0 0.576123 0.578906 0.015820 0.028125
0 0.570849 0.587109 0.021094 0.025781
0 0.588647 0.579609 0.014502 0.021094
0 0.615014 0.578437 0.014502 0.018750
0 0.600512 0.581953 0.022412 0.030469
0 0.630175 0.583125 0.021094 0.028125
0 0.675659 0.587812 0.019775 0.046875
0 0.696752 0.591328 0.040869 0.067969
0 0.731689 0.599531 0.055371 0.075000
0 0.779150 0.603046 0.092285 0.100781
3 0.659179 0.628828 0.013184 0.058594
3 0.886596 0.621796 0.038232 0.067969
