0 0.305991 0.579375 0.035596 0.046875
0 0.271055 0.602812 0.068555 0.075000
0 0.420952 0.575859 0.022412 0.039844
0 0.444682 0.587578 0.030322 0.039844
0 0.451933 0.560625 0.015820 0.014062
0 0.519170 0.574687 0.018457 0.042187
0 0.533672 0.572343 0.015820 0.032812
0 0.550151 0.560625 0.014502 0.023437
0 0.152930 0.621562 0.181933 0.178125
0 0.353320 0.640312 0.155566 0.178125
0 0.487529 0.580546 0.055371 0.077344
0 0.620683 0.573515 0.031641 0.035156
0 0.570981 0.581718 0.054580 0.089062
0 0.657597 0.567656 0.031641 0.032812
0 0.664057 0.570000 0.022412 0.037500
0 0.687128 0.572343 0.034277 0.051562
0 0.725229 0.578203 0.048779 0.063281
0 0.772031 0.589921 0.058008 0.072656
0 0.812715 0.593429 0.064237 0.085650
0 0.906776 0.618832 0.139945 0.116415
0 0.483178 0.496875 0.006592 0.032812
0 0.604467 0.503906 0.003955 0.018750
0 0.627868 0.504492 0.025049 0.018750
