2 0.551807 0.563234 0.026309 0.031890
0 0.543436 0.584190 0.023917 0.031890
0 0.532075 0.587379 0.017938 0.051024
0 0.517127 0.582064 0.033484 0.074409
0 0.497395 0.603324 0.044247 0.091417
0 0.463911 0.613954 0.058597 0.121181
0 0.396942 0.633088 0.130349 0.193465
0 0.258222 0.708560 0.300162 0.280630
0 0.797899 0.574623 0.020330 0.025512
0 0.877424 0.662852 0.155463 0.227480
0 0.091740 0.816986 0.183480 0.361417
0 0.939609 0.695804 0.117195 0.272126
0 0.684292 0.684112 0.302554 0.537874
0 0.718833 0.431750 0.007796 0.026335
0 0.731697 0.423434 0.008576 0.031879
0 0.757036 0.416504 0.018711 0.059600
