0 0.535435 0.544922 0.013184 0.025781
0 0.515659 0.547265 0.010547 0.016406
0 0.506431 0.542578 0.010547 0.016406
0 0.497202 0.548437 0.013184 0.018750
0 0.482700 0.554296 0.010547 0.025781
0 0.474131 0.556640 0.019775 0.025781
2 0.453037 0.557812 0.014502 0.032812
0 0.510386 0.561328 0.021094 0.025781
0 0.470176 0.581250 0.019775 0.037500
0 0.410191 0.571875 0.015820 0.018750
0 0.426670 0.571875 0.014502 0.018750
0 0.393052 0.578906 0.010547 0.018750
0 0.341636 0.581250 0.034277 0.018750
0 0.122129 0.619921 0.075146 0.063281
0 0.613877 0.582421 0.017139 0.058594
0 0.636289 0.589453 0.032959 0.067969
0 0.668589 0.584765 0.044824 0.110156
0 0.741099 0.582421 0.129199 0.203906
0 0.992246 0.846562 0.014502 0.253125
