0 0.364500 0.616382 0.007993 0.024868
0 0.357506 0.617270 0.009992 0.026645
0 0.347014 0.617270 0.018984 0.033750
0 0.343018 0.625263 0.016986 0.031974
0 0.329529 0.629704 0.017985 0.040855
0 0.310544 0.629704 0.027977 0.044408
0 0.296056 0.639474 0.030975 0.071053
0 0.253591 0.660789 0.097919 0.117237
0 0.417956 0.608388 0.022981 0.033750
0 0.434942 0.616382 0.028976 0.031974
0 0.525867 0.607500 0.052956 0.049737
0 0.567333 0.608388 0.049959 0.055066
0 0.688733 0.644803 0.262784 0.294868
0 0.133690 0.643914 0.037969 0.058618
0 0.088327 0.746941 0.176655 0.289539
