0 0.029535 0.699108 0.057363 0.065558
0 0.814861 0.599557 0.368762 0.502608
0 0.317715 0.695466 0.144773 0.213669
0 0.561508 0.637192 0.137944 0.174820
0 0.088947 0.674827 0.064192 0.041277
0 0.141529 0.671185 0.032779 0.029137
0 0.188649 0.650547 0.061460 0.050989
0 0.223476 0.650547 0.016389 0.016996
0 0.381907 0.642048 0.030047 0.053417
0 0.485707 0.627480 0.057363 0.092266
0 0.446782 0.621410 0.039608 0.070414
0 0.424929 0.616554 0.023218 0.046133
0 0.626382 0.591059 0.054631 0.077698
0 0.661210 0.567992 0.042339 0.041277
0 0.247378 0.638406 0.025950 0.036421
0 0.400345 0.623838 0.015024 0.026709
