0 0.400092 0.615393 0.010048 0.010208
0 0.366717 0.623687 0.022250 0.014036
0 0.361334 0.627515 0.018661 0.014036
0 0.353080 0.629429 0.015073 0.017864
0 0.346979 0.628153 0.021532 0.020416
0 0.338725 0.631981 0.020815 0.022968
0 0.328676 0.631343 0.033734 0.024244
0 0.320063 0.639637 0.045218 0.028072
0 0.293148 0.651121 0.064597 0.038280
0 0.251519 0.667071 0.086130 0.039556
0 0.186922 0.660053 0.124888 0.025520
0 0.197688 0.698333 0.123452 0.063800
0 0.105816 0.722577 0.173695 0.104631
0 0.064751 0.746182 0.129502 0.128875
0 0.042655 0.806427 0.084694 0.127599
0 0.395068 0.622138 0.012919 0.017864
0 0.452436 0.612477 0.073928 0.066352
0 0.519904 0.599079 0.065315 0.121219
0 0.610494 0.597803 0.140268 0.187571
0 0.791571 0.602269 0.312937 0.326654
0 0.990387 0.719022 0.017226 0.187571
