0 0.330533 0.602458 0.012604 0.011203
0 0.320292 0.609460 0.011028 0.019606
0 0.306113 0.612961 0.022057 0.023807
0 0.284057 0.610861 0.023632 0.030809
0 0.263575 0.616462 0.022057 0.044813
0 0.241519 0.621364 0.039387 0.057417
0 0.194019 0.636768 0.060655 0.071421
0 0.388195 0.594056 0.015755 0.039212
0 0.389770 0.601058 0.007877 0.033610
0 0.405919 0.601758 0.029146 0.046214
0 0.417735 0.606659 0.022844 0.039212
0 0.362594 0.603158 0.016542 0.029409
0 0.460144 0.607863 0.077986 0.119035
0 0.556008 0.616581 0.147306 0.200259
0 0.672987 0.585072 0.108707 0.103631
0 0.777361 0.601176 0.167787 0.205861
0 0.828089 0.686073 0.342239 0.479201
0 0.110299 0.655394 0.113434 0.120436
