0 0.401493 0.605331 0.007198 0.019194
0 0.390696 0.606398 0.009597 0.025592
0 0.382299 0.610663 0.016795 0.046919
2 0.352908 0.575474 0.058783 0.151422
0 0.259935 0.591469 0.146357 0.226066
0 0.097577 0.674644 0.195155 0.435071
0 0.415889 0.605331 0.011996 0.019194
0 0.428485 0.609597 0.010797 0.019194
0 0.453678 0.612796 0.010797 0.021327
0 0.461475 0.608530 0.011996 0.029858
0 0.472272 0.613862 0.009597 0.031991
2 0.499264 0.592535 0.041988 0.091706
0 0.511261 0.623459 0.027592 0.034123
0 0.537653 0.621327 0.039588 0.059716
0 0.610231 0.638388 0.074378 0.098104
0 0.868755 0.713033 0.255524 0.230332
2 0.124766 0.502031 0.188525 0.215625
