0 0.445645 0.593089 0.010324 0.010196
0 0.431307 0.592069 0.016059 0.012236
0 0.415821 0.589011 0.012618 0.014275
0 0.401482 0.585952 0.018353 0.020393
0 0.372805 0.584762 0.027530 0.032628
0 0.353304 0.587821 0.013765 0.030589
0 0.334951 0.581703 0.029824 0.042825
0 0.309428 0.592919 0.018353 0.036707
0 0.291075 0.586801 0.025236 0.048943
0 0.257809 0.583742 0.050472 0.063218
0 0.198160 0.581703 0.069973 0.091767
0 0.457690 0.595978 0.012618 0.018353
0 0.471225 0.598119 0.009177 0.014275
0 0.479829 0.598119 0.010324 0.022432
0 0.486711 0.598119 0.012618 0.022432
0 0.496461 0.597100 0.016059 0.032628
0 0.510800 0.604237 0.021795 0.034668
0 0.532021 0.610355 0.027530 0.042825
0 0.560125 0.614434 0.047031 0.063218
0 0.615530 0.640332 0.071120 0.077492
0 0.683208 0.657666 0.089473 0.104003
0 0.805947 0.686216 0.176652 0.173338
0 0.926850 0.761669 0.145681 0.226360
0 0.114791 0.586728 0.113562 0.106042
