0 0.387098 0.469905 0.016795 0.025592
0 0.373901 0.473104 0.014396 0.019194
0 0.359506 0.474170 0.019194 0.025592
0 0.336713 0.480568 0.038389 0.046919
0 0.312720 0.491232 0.045586 0.059716
4 0.219147 0.536019 0.045586 0.123697
2 0.410491 0.458175 0.013196 0.036256
2 0.421287 0.466706 0.025193 0.031991
0 0.437483 0.468839 0.021594 0.027725
0 0.458476 0.481635 0.029991 0.044787
0 0.486068 0.484834 0.046786 0.063981
0 0.601234 0.516824 0.123563 0.145024
0 0.884892 0.539218 0.230216 0.437204
0 0.127375 0.534952 0.207538 0.211137
0 0.029797 0.631990 0.059595 0.209005
