0 0.341375 0.501531 0.019802 0.024490
0 0.314684 0.526021 0.030134 0.033673
0 0.288425 0.540561 0.027551 0.029082
0 0.258291 0.531378 0.032717 0.019898
0 0.226005 0.519388 0.049075 0.035714
0 0.173772 0.548215 0.069739 0.071939
0 0.068878 0.567092 0.082653 0.071939
0 0.418001 0.542602 0.019802 0.056633
0 0.479991 0.508929 0.023246 0.013776
0 0.450287 0.525000 0.020663 0.027551
0 0.468798 0.538010 0.024968 0.053571
0 0.571684 0.515817 0.024107 0.030612
0 0.591917 0.516582 0.021524 0.032143
0 0.607414 0.511225 0.021524 0.045918
0 0.716040 0.512755 0.065434 0.091837
0 0.233323 0.591582 0.134311 0.120918
0 0.371078 0.565561 0.101594 0.130102
0 0.511847 0.551021 0.078348 0.104082
0 0.651324 0.527551 0.092985 0.133674
0 0.845777 0.647959 0.306505 0.514286
0 0.014493 0.574235 0.028412 0.078061
