0 0.483658 0.356578 0.015024 0.019424
0 0.498682 0.351722 0.017755 0.033993
0 0.506193 0.352936 0.019121 0.031565
0 0.516437 0.359006 0.017755 0.033993
0 0.541704 0.362648 0.051900 0.070414
0 0.586092 0.378430 0.066923 0.097122
0 0.651649 0.402711 0.121555 0.165108
0 0.760229 0.454914 0.221257 0.240378
0 0.472049 0.354150 0.010926 0.024281
0 0.462488 0.346866 0.016389 0.038849
0 0.453611 0.348080 0.015024 0.046133
0 0.448831 0.350508 0.024584 0.055845
0 0.423564 0.355364 0.045071 0.070414
0 0.418783 0.368718 0.030047 0.067986
0 0.410589 0.371146 0.032779 0.082554
0 0.124713 0.538682 0.249426 0.582734
0 0.881784 0.531398 0.234915 0.286511
