0 0.355398 0.496359 0.042825 0.077492
0 0.318691 0.505196 0.058119 0.087009
0 0.257513 0.503157 0.085650 0.137311
0 0.504010 0.481949 0.013000 0.031269
0 0.510511 0.490785 0.019883 0.046224
0 0.523893 0.496903 0.019118 0.053021
0 0.539315 0.504381 0.028295 0.070695
0 0.559198 0.505740 0.043589 0.103323
0 0.628606 0.509819 0.123121 0.193051
0 0.692844 0.567598 0.184299 0.251511
0 0.851160 0.619993 0.295950 0.636254
0 0.009759 0.594842 0.019518 0.188973
0 0.407902 0.499649 0.091003 0.123716
0 0.139865 0.522081 0.192711 0.195770
