0 0.337681 0.287578 0.015820 0.021094
0 0.329112 0.289922 0.011865 0.021094
0 0.319883 0.291094 0.011865 0.023437
0 0.313951 0.291094 0.018457 0.028125
0 0.305381 0.294609 0.014502 0.025781
0 0.226280 0.316875 0.035596 0.046875
0 0.197276 0.318047 0.032959 0.063281
0 0.161680 0.322734 0.054053 0.082031
0 0.097740 0.295781 0.087012 0.037500
0 0.370640 0.287578 0.013184 0.021094
0 0.363389 0.291094 0.014502 0.028125
0 0.441172 0.281719 0.009229 0.023437
0 0.449082 0.286406 0.014502 0.023437
0 0.497202 0.298125 0.029004 0.051562
0 0.509727 0.305156 0.027686 0.056250
0 0.529502 0.308672 0.038232 0.077344
0 0.547959 0.318047 0.046143 0.082031
0 0.592783 0.323906 0.085693 0.117187
0 0.656724 0.353203 0.087012 0.124219
0 0.429307 0.284062 0.017139 0.028125
0 0.466880 0.303984 0.034277 0.058594
0 0.408213 0.287578 0.025049 0.039844
0 0.382505 0.281719 0.010547 0.018750
0 0.290879 0.301640 0.027686 0.035156
0 0.027776 0.346172 0.055552 0.072656
0 0.085875 0.400078 0.171387 0.185156
0 0.811631 0.428203 0.359912 0.372656
0 0.350865 0.294609 0.021094 0.035156
