0 0.241441 0.295781 0.026367 0.037500
0 0.219029 0.307500 0.031641 0.042187
2 0.197276 0.308672 0.046143 0.053906
0 0.189366 0.319219 0.025049 0.056250
0 0.168931 0.330937 0.036914 0.070312
0 0.122789 0.333281 0.076465 0.093750
0 0.319224 0.286406 0.010547 0.018750
0 0.327134 0.293437 0.015820 0.037500
0 0.380528 0.305156 0.032959 0.070312
0 0.405576 0.312187 0.043506 0.084375
0 0.335044 0.298125 0.021094 0.028125
0 0.454356 0.340312 0.080420 0.107812
0 0.051597 0.357890 0.102832 0.142969
0 0.011297 0.415312 0.022593 0.089062
0 0.821519 0.457500 0.355957 0.328125
