0 0.037338 0.486524 0.062054 0.048615
0 0.072046 0.483719 0.032605 0.043006
0 0.346557 0.499612 0.064158 0.093490
0 0.521676 0.493068 0.029449 0.046745
0 0.572687 0.508961 0.089400 0.138366
0 0.625801 0.473435 0.023139 0.014958
0 0.650518 0.485589 0.026294 0.020568
0 0.667346 0.495873 0.009466 0.018698
0 0.687329 0.502417 0.032605 0.054224
0 0.722564 0.505222 0.058899 0.063573
0 0.933338 0.508027 0.084141 0.057964
0 0.177223 0.543491 0.224026 0.259280
0 0.441742 0.574966 0.212457 0.368352
0 0.828967 0.605506 0.341824 0.440651
0 0.622821 0.552840 0.131471 0.149585
0 0.011044 0.481164 0.022087 0.041136
0 0.977266 0.526039 0.043122 0.074792
0 0.436378 0.451932 0.078882 0.020568
