0 0.451904 0.531954 0.017099 0.030397
0 0.489118 0.520331 0.009052 0.028609
0 0.475540 0.534636 0.040232 0.053642
0 0.437320 0.541788 0.020116 0.042914
0 0.425250 0.548046 0.018104 0.041126
0 0.410163 0.548940 0.022127 0.046490
0 0.387030 0.551622 0.036209 0.062583
0 0.367417 0.562351 0.031180 0.069735
0 0.151674 0.591854 0.064371 0.103709
0 0.233143 0.641921 0.281623 0.282517
0 0.054212 0.650084 0.108425 0.230897
0 0.551980 0.582914 0.136788 0.193113
0 0.622386 0.534636 0.026151 0.053642
0 0.656583 0.543576 0.072417 0.100132
0 0.696815 0.563245 0.088510 0.118013
0 0.805440 0.585596 0.225298 0.187748
0 0.935691 0.638344 0.125724 0.268212
