0 0.462970 0.598036 0.009361 0.018721
0 0.470575 0.599076 0.012871 0.029122
0 0.478181 0.604276 0.011701 0.031202
0 0.486371 0.603236 0.014041 0.037442
0 0.495147 0.604276 0.019891 0.052003
0 0.513283 0.607396 0.030422 0.066564
0 0.554235 0.602196 0.063184 0.147689
0 0.636725 0.603236 0.167320 0.166410
0 0.843828 0.583475 0.310069 0.264176
2 0.437813 0.596996 0.010531 0.029122
0 0.427283 0.604276 0.012871 0.031202
0 0.416167 0.604276 0.009361 0.031202
0 0.406807 0.603236 0.014041 0.041602
0 0.392766 0.606356 0.014041 0.056163
0 0.381065 0.607396 0.023401 0.062404
0 0.375215 0.613637 0.016381 0.058243
0 0.356494 0.608436 0.028082 0.076965
0 0.337772 0.610517 0.049143 0.081125
0 0.304425 0.609477 0.047973 0.095686
0 0.151920 0.495070 0.303840 0.449307
0 0.451269 0.602196 0.018721 0.031202
