0 0.336181 0.373242 0.073828 0.121875
0 0.202368 0.361523 0.059326 0.089062
0 0.137768 0.360351 0.048779 0.053906
0 0.099536 0.367383 0.043506 0.044531
0 0.231372 0.350976 0.019775 0.039844
0 0.519433 0.336914 0.068555 0.082031
0 0.464721 0.325195 0.035596 0.058594
0 0.450879 0.325195 0.065918 0.063281
0 0.421216 0.328711 0.025049 0.065625
0 0.403418 0.328711 0.023730 0.051562
0 0.374414 0.333398 0.023730 0.046875
0 0.265649 0.346289 0.025049 0.039844
0 0.251147 0.347461 0.009229 0.028125
0 0.173364 0.346289 0.017139 0.035156
0 0.059985 0.433008 0.119971 0.180469
