0 0.162666 0.496480 0.019984 0.019539
0 0.082232 0.483158 0.038968 0.035526
0 0.227613 0.489375 0.027977 0.026645
0 0.022382 0.518684 0.044763 0.074605
0 0.748684 0.406776 0.080933 0.067500
0 0.808634 0.405888 0.086928 0.076382
0 0.928036 0.381020 0.143882 0.140329
0 0.602304 0.431645 0.043964 0.039079
0 0.557341 0.429868 0.037969 0.039079
0 0.529364 0.431645 0.019984 0.028421
0 0.455425 0.444079 0.023980 0.021316
0 0.140164 0.498793 0.016389 0.019424
0 0.123091 0.498793 0.017755 0.019424
0 0.113531 0.483010 0.017755 0.021853
