0 0.008773 0.566688 0.017547 0.110911
0 0.081884 0.532028 0.035093 0.045058
0 0.125263 0.545892 0.073111 0.062388
0 0.203247 0.521631 0.045816 0.051990
0 0.233954 0.518165 0.025345 0.045058
0 0.254912 0.511233 0.016572 0.041592
0 0.273921 0.509500 0.019496 0.027728
0 0.336796 0.500835 0.014622 0.017330
0 0.928373 0.539827 0.141085 0.265148
0 0.804704 0.535828 0.197886 0.183031
0 0.685777 0.526829 0.114053 0.124775
0 0.606330 0.514699 0.083833 0.097048
0 0.550279 0.508633 0.041917 0.077985
0 0.522010 0.505167 0.028269 0.060655
0 0.484479 0.494769 0.033143 0.043325
0 0.463034 0.495636 0.013647 0.041592
0 0.449386 0.495636 0.009748 0.031194
0 0.418680 0.493903 0.012673 0.017330
