0 0.402531 0.101145 0.009494 0.018565
0 0.396361 0.104521 0.014241 0.021941
0 0.389715 0.104521 0.012342 0.021941
0 0.383069 0.110428 0.010443 0.023629
0 0.377373 0.112960 0.010443 0.028692
0 0.347943 0.119711 0.046519 0.042194
0 0.311392 0.145027 0.064557 0.042194
0 0.487025 0.094394 0.020886 0.015190
0 0.499367 0.099457 0.030380 0.015190
0 0.493671 0.112116 0.011392 0.023629
0 0.511234 0.121398 0.033228 0.038819
0 0.541139 0.132369 0.056962 0.060759
0 0.588133 0.165280 0.103481 0.086076
0 0.630398 0.186234 0.149051 0.096202
0 0.654607 0.210707 0.144304 0.070886
0 0.659354 0.260496 0.178481 0.140084
0 0.732930 0.288344 0.211709 0.168776
0 0.728374 0.347101 0.161211 0.212371
0 0.192105 0.204536 0.047552 0.053608
0 0.163690 0.208660 0.088144 0.070103
0 0.152672 0.233402 0.061469 0.086598
0 0.068007 0.249897 0.133376 0.160825
0 0.021036 0.330309 0.041753 0.103093
0 0.866446 0.427217 0.259634 0.362887
0 0.250516 0.168041 0.099742 0.055670
0 0.470296 0.122533 0.047552 0.045361
