0 0.460747 0.427424 0.007683 0.012521
0 0.471632 0.453035 0.008964 0.022766
0 0.481556 0.454174 0.012165 0.020489
0 0.485398 0.456450 0.013446 0.025042
0 0.494042 0.455881 0.010245 0.035287
0 0.506847 0.454174 0.028172 0.043255
0 0.456265 0.436530 0.021770 0.035287
0 0.458506 0.455312 0.022410 0.038702
0 0.428733 0.458158 0.047381 0.051223
0 0.402481 0.459296 0.008964 0.019351
0 0.380392 0.463280 0.042899 0.084233
0 0.306439 0.488322 0.149826 0.175295
0 0.714132 0.447344 0.203610 0.284570
0 0.867891 0.505163 0.261235 0.377399
2 0.081956 0.327483 0.162632 0.486045
0 0.072992 0.564814 0.145984 0.368803
