0 0.210049 0.564753 0.231253 0.210538
0 0.831392 0.577556 0.336078 0.298736
0 0.320474 0.522076 0.111226 0.145100
0 0.380488 0.517808 0.036008 0.096733
0 0.390890 0.506428 0.045611 0.071128
0 0.415696 0.503583 0.028006 0.059747
0 0.430099 0.491491 0.028006 0.055479
0 0.445303 0.482245 0.016804 0.036986
0 0.452504 0.478688 0.020005 0.038409
0 0.688159 0.517097 0.156836 0.192044
0 0.618543 0.501449 0.072017 0.160748
0 0.578934 0.513541 0.045611 0.102424
0 0.568931 0.497893 0.054413 0.085353
0 0.538524 0.497893 0.020805 0.059747
0 0.528922 0.493625 0.019204 0.051212
0 0.515319 0.487224 0.014403 0.041254
0 0.506517 0.483667 0.016004 0.036986
0 0.474510 0.480111 0.016004 0.024183
