0 0.524581 0.566609 0.008608 0.017003
0 0.531754 0.571710 0.013389 0.020403
0 0.539405 0.573410 0.009564 0.027204
0 0.553751 0.576811 0.019128 0.037406
0 0.564750 0.584462 0.023910 0.045907
0 0.627393 0.586162 0.024866 0.045907
0 0.723989 0.593813 0.055471 0.091814
0 0.489673 0.575961 0.022953 0.042506
0 0.459068 0.565759 0.019128 0.018703
0 0.454764 0.590413 0.037299 0.054408
0 0.511192 0.583612 0.027735 0.044207
0 0.590572 0.582762 0.054514 0.086713
0 0.656085 0.583612 0.045907 0.061209
0 0.786393 0.594663 0.112854 0.130919
0 0.977911 0.679251 0.043994 0.122418
3 0.242924 0.627393 0.019128 0.052708
3 0.861709 0.609541 0.033474 0.061209
