2 0.470683 0.487867 0.021853 0.050989
0 0.448831 0.502435 0.013658 0.021853
0 0.437221 0.512147 0.015024 0.036421
0 0.418783 0.520645 0.024584 0.043705
0 0.403077 0.515789 0.017755 0.072842
0 0.501413 0.502435 0.015024 0.021853
0 0.517120 0.507291 0.013658 0.026709
0 0.528729 0.507291 0.025950 0.026709
0 0.549899 0.514575 0.016389 0.046133
0 0.556727 0.520645 0.013658 0.033993
0 0.573800 0.523073 0.023218 0.048561
0 0.595652 0.526715 0.036876 0.060701
0 0.649601 0.529144 0.090142 0.080126
0 0.349811 0.518217 0.099702 0.145684
