0 0.836346 0.620548 0.326048 0.473061
0 0.659633 0.605506 0.150403 0.203809
0 0.055362 0.631995 0.110435 0.134626
0 0.137926 0.614232 0.075727 0.087881
0 0.227326 0.591794 0.071520 0.080402
0 0.283596 0.585250 0.034708 0.063573
0 0.318304 0.586184 0.072572 0.080402
0 0.358271 0.566552 0.022087 0.033657
0 0.380884 0.569356 0.033657 0.039266
0 0.412963 0.566552 0.024191 0.056094
0 0.487638 0.531960 0.013673 0.024307
0 0.496578 0.543179 0.018932 0.043006
0 0.511829 0.547853 0.030501 0.063573
0 0.544434 0.553463 0.055744 0.104709
0 0.565995 0.568421 0.067313 0.082272
0 0.455034 0.563747 0.064158 0.095360
