0 0.534665 0.558027 0.018557 0.035052
0 0.539304 0.549779 0.027835 0.043299
0 0.520748 0.555965 0.020876 0.039175
0 0.509150 0.558027 0.020876 0.047423
0 0.501031 0.563181 0.023196 0.057732
0 0.467397 0.564212 0.060309 0.084536
0 0.445941 0.576583 0.054510 0.080412
0 0.407668 0.589985 0.061469 0.107217
0 0.335180 0.600295 0.122938 0.131959
0 0.643686 0.552872 0.016237 0.045361
0 0.579897 0.552872 0.018557 0.037113
0 0.682118 0.547835 0.074227 0.117526
0 0.804920 0.561534 0.177448 0.270103
0 0.607755 0.542977 0.038273 0.063918
0 0.204147 0.644008 0.205284 0.200000
0 0.911423 0.652255 0.174732 0.439175
