0 0.567379 0.278725 0.006888 0.010714
0 0.592347 0.276429 0.006888 0.009184
0 0.577280 0.277959 0.007749 0.009184
0 0.572114 0.282551 0.007749 0.006122
0 0.558339 0.280255 0.007749 0.010714
0 0.563074 0.284082 0.008610 0.015306
0 0.585890 0.285612 0.009471 0.018367
0 0.691187 0.307041 0.018941 0.019592
0 0.616713 0.333980 0.024968 0.033673
0 0.631952 0.361225 0.047870 0.067347
0 0.550160 0.348980 0.043393 0.058163
0 0.574439 0.295408 0.010332 0.015306
0 0.554637 0.288521 0.008610 0.013776
2 0.143782 0.272143 0.024107 0.009184
2 0.115370 0.269847 0.024107 0.010714
2 0.096859 0.269082 0.021524 0.012245
2 0.007749 0.268316 0.015497 0.010714
2 0.062851 0.268470 0.027551 0.012245
