0 0.309521 0.416239 0.016389 0.024281
0 0.276059 0.421095 0.023218 0.029137
0 0.247378 0.424737 0.042339 0.041277
0 0.050705 0.427165 0.036876 0.026709
0 0.019548 0.435663 0.039096 0.033993
0 0.060948 0.439305 0.049168 0.026709
1 0.487755 0.374962 0.083313 0.097122
0 0.573117 0.388316 0.062826 0.055845
0 0.659161 0.384674 0.090142 0.029137
0 0.767058 0.415025 0.060094 0.055845
0 0.868809 0.467228 0.189844 0.160252
0 0.680331 0.502435 0.247207 0.225810
0 0.402394 0.552210 0.267694 0.373921
0 0.885198 0.597129 0.228086 0.415198
