0 0.519718 0.565794 0.015211 0.033282
0 0.492807 0.543953 0.019891 0.010401
0 0.477011 0.552273 0.014041 0.027042
0 0.464725 0.547073 0.012871 0.020801
0 0.448929 0.551233 0.014041 0.020801
0 0.439569 0.561634 0.014041 0.020801
0 0.434303 0.540832 0.012871 0.016641
0 0.421432 0.558513 0.019891 0.027042
0 0.403881 0.562674 0.015211 0.027042
1 0.324902 0.549153 0.098286 0.124807
2 0.138861 0.572034 0.109987 0.128968
0 0.224276 0.576195 0.088925 0.099846
0 0.496902 0.576195 0.042123 0.054083
0 0.064165 0.725964 0.128330 0.366102
0 0.983651 0.583475 0.030422 0.076965
1 0.381650 0.546033 0.029252 0.093606
