0 0.632009 0.434032 0.017147 0.052258
0 0.644869 0.435484 0.018372 0.060968
0 0.658954 0.439839 0.022046 0.078387
0 0.679776 0.440927 0.044093 0.106694
0 0.746527 0.443105 0.116356 0.172016
0 0.769186 0.482298 0.075938 0.206855
0 0.899652 0.489919 0.199691 0.605323
0 0.505242 0.431129 0.045318 0.052258
2 0.490501 0.406867 0.047680 0.070298
0 0.461762 0.433307 0.022046 0.052258
0 0.442165 0.434395 0.024496 0.067500
0 0.572606 0.437661 0.094309 0.156774
0 0.117065 0.498629 0.233768 0.204677
0 0.330096 0.473589 0.224138 0.254758
