0 0.567526 0.565636 0.009278 0.020619
0 0.551289 0.563574 0.025515 0.028866
0 0.520168 0.562150 0.022036 0.026804
2 0.492912 0.553903 0.034794 0.051546
2 0.582898 0.548748 0.022239 0.057732
1 0.638549 0.545655 0.018557 0.014433
1 0.684361 0.554934 0.010438 0.024742
2 0.669284 0.552872 0.019716 0.020619
0 0.698196 0.560481 0.013918 0.018557
0 0.751547 0.583162 0.027835 0.051546
0 0.725451 0.589347 0.038273 0.068041
0 0.644845 0.561512 0.020876 0.016495
0 0.786920 0.573883 0.019716 0.008247
0 0.766624 0.596564 0.044072 0.053608
0 0.797358 0.591409 0.017397 0.030928
0 0.814175 0.582131 0.025515 0.016495
0 0.877407 0.595554 0.025515 0.020619
0 0.917420 0.622358 0.059149 0.070103
0 0.626312 0.565657 0.015077 0.030928
0 0.441302 0.569661 0.028995 0.028866
0 0.419845 0.571723 0.023196 0.032990
0 0.393170 0.570692 0.030155 0.043299
0 0.362436 0.568630 0.038273 0.051546
0 0.321286 0.571843 0.052191 0.055670
0 0.271415 0.573905 0.054510 0.072165
0 0.214005 0.578028 0.064948 0.080412
0 0.116582 0.584214 0.102062 0.092784
0 0.843193 0.656379 0.128737 0.150515
0 0.673283 0.675967 0.146134 0.214433
0 0.032196 0.587307 0.064392 0.111340
0 0.962454 0.640915 0.072670 0.094845
0 0.598113 0.570301 0.038612 0.022881
