0 0.585790 0.445041 0.008608 0.022103
0 0.596311 0.445041 0.010520 0.028904
0 0.628828 0.442491 0.037299 0.040806
0 0.662780 0.450142 0.015302 0.039106
0 0.744360 0.445126 0.155892 0.088413
0 0.525824 0.445976 0.017215 0.022103
0 0.471310 0.441726 0.011477 0.051008
0 0.392886 0.453627 0.034430 0.044207
0 0.299638 0.457878 0.161630 0.107116
0 0.054514 0.491883 0.021041 0.056108
0 0.021997 0.490183 0.043994 0.059509
0 0.930378 0.603080 0.137720 0.416562
0 0.507366 0.443256 0.021997 0.042506
0 0.547535 0.443766 0.012433 0.017003
0 0.449504 0.442066 0.042081 0.054408
0 0.184584 0.479471 0.168325 0.176826
0 0.969303 0.402110 0.058340 0.083312
