0 0.549330 0.440257 0.013765 0.020393
0 0.551624 0.447054 0.009177 0.023112
0 0.558506 0.450453 0.015295 0.035347
0 0.566918 0.454532 0.015295 0.046224
0 0.584507 0.455891 0.035177 0.065257
0 0.603625 0.470846 0.059649 0.087009
0 0.861339 0.417825 0.056590 0.032628
0 0.869368 0.437538 0.066531 0.055740
0 0.933223 0.432620 0.119298 0.081889
0 0.967636 0.436858 0.064237 0.087009
0 0.057737 0.709668 0.115474 0.236556
0 0.211830 0.489653 0.065767 0.063897
0 0.272626 0.470619 0.042060 0.033988
0 0.318509 0.465861 0.025236 0.024471
0 0.497201 0.497810 0.118533 0.186254
0 0.738090 0.503474 0.230183 0.263746
0 0.407982 0.476737 0.063472 0.097885
0 0.354197 0.476057 0.049707 0.085650
0 0.441503 0.453625 0.024471 0.051662
2 0.095813 0.468580 0.155940 0.146828
