0 0.342954 0.486093 0.031641 0.050625
0 0.316587 0.495000 0.039551 0.042187
0 0.182774 0.469218 0.032959 0.046875
0 0.248033 0.490312 0.113379 0.070312
0 0.091148 0.475078 0.065918 0.072656
0 0.503794 0.505547 0.031641 0.067969
0 0.522251 0.509062 0.026367 0.070312
0 0.536094 0.507890 0.030322 0.077344
0 0.576963 0.509062 0.080420 0.117187
0 0.654087 0.533672 0.121289 0.189844
0 0.810972 0.568828 0.326953 0.321094
2 0.476768 0.489140 0.032959 0.044531
0 0.023162 0.459843 0.046324 0.065625
0 0.009319 0.471562 0.018638 0.079687
0 0.926987 0.721171 0.145019 0.325781
