0 0.451510 0.454591 0.008836 0.013860
0 0.459566 0.458287 0.010395 0.021253
0 0.470221 0.459674 0.007796 0.012936
0 0.475679 0.461060 0.006237 0.017556
0 0.481656 0.462446 0.008836 0.024025
0 0.490492 0.465218 0.017152 0.031417
0 0.490492 0.467990 0.006757 0.025873
0 0.495170 0.472610 0.011955 0.031417
0 0.505045 0.472148 0.020271 0.043429
0 0.507124 0.477692 0.018192 0.041581
0 0.510503 0.475844 0.016632 0.041581
0 0.533632 0.481388 0.047299 0.071150
0 0.377443 0.458287 0.016632 0.021253
0 0.356393 0.456901 0.024429 0.036961
0 0.327286 0.439807 0.008836 0.024949
0 0.562219 0.454591 0.010915 0.036037
0 0.596004 0.516039 0.067050 0.123819
0 0.655517 0.538216 0.121625 0.182957
0 0.831103 0.608932 0.331609 0.417659
0 0.411925 0.489513 0.103433 0.101202
0 0.141648 0.510545 0.241690 0.251335
