0 0.292442 0.484785 0.050690 0.066759
0 0.321199 0.482638 0.016572 0.043325
0 0.225668 0.478306 0.043866 0.048524
0 0.342645 0.489570 0.024370 0.029461
0 0.362629 0.483505 0.025345 0.031194
0 0.379688 0.488704 0.014622 0.027728
0 0.395285 0.482638 0.014622 0.025995
0 0.407470 0.478306 0.009748 0.017330
0 0.472782 0.479172 0.021446 0.032927
0 0.892924 0.584885 0.212508 0.292876
0 0.749627 0.525096 0.169617 0.173299
0 0.667743 0.521631 0.056539 0.097048
0 0.637037 0.503434 0.075060 0.098781
0 0.524934 0.485133 0.020471 0.030984
0 0.512262 0.480039 0.006824 0.020796
0 0.501051 0.479172 0.015597 0.022529
0 0.485454 0.472240 0.009748 0.025995
