0 0.428267 0.621826 0.007031 0.020312
0 0.420796 0.617139 0.009668 0.020312
0 0.415083 0.617139 0.010547 0.023438
0 0.409810 0.618701 0.012305 0.029687
0 0.403218 0.624170 0.016699 0.034375
0 0.396626 0.633545 0.031641 0.059375
0 0.379488 0.645264 0.018457 0.067187
0 0.328072 0.642139 0.094922 0.135937
0 0.451119 0.616357 0.010547 0.028125
0 0.459029 0.617920 0.007031 0.028125
0 0.463863 0.621045 0.016699 0.028125
0 0.474849 0.619482 0.017578 0.034375
0 0.484956 0.624170 0.018457 0.040625
0 0.497891 0.634326 0.022471 0.035937
0 0.524947 0.642139 0.029883 0.054687
0 0.588228 0.653857 0.101953 0.131250
