0 0.019101 0.601540 0.038203 0.152464
0 0.856441 0.700641 0.284571 0.589065
0 0.119676 0.567582 0.158268 0.164938
0 0.237792 0.568968 0.073287 0.103953
0 0.313417 0.548870 0.076405 0.091478
0 0.363315 0.555108 0.026508 0.067916
0 0.383975 0.550949 0.024169 0.051283
0 0.409704 0.547484 0.027288 0.049897
0 0.431144 0.550949 0.017152 0.042967
0 0.448296 0.550256 0.015593 0.027721
0 0.464669 0.552336 0.020271 0.020791
0 0.694274 0.625102 0.089659 0.202361
0 0.586293 0.560652 0.035864 0.062372
0 0.574599 0.555108 0.043660 0.056827
0 0.549650 0.551642 0.012474 0.038809
0 0.537566 0.544712 0.022610 0.019405
0 0.521193 0.541940 0.010135 0.013860
0 0.615920 0.577284 0.060812 0.079004
0 0.502482 0.552336 0.016373 0.029107
