0 0.507242 0.535439 0.009236 0.016419
0 0.484666 0.544561 0.009236 0.012770
0 0.493902 0.540912 0.009236 0.016419
0 0.478509 0.540912 0.005131 0.016419
0 0.467221 0.537263 0.011288 0.012770
0 0.466195 0.544561 0.009236 0.012770
0 0.477996 0.550034 0.008209 0.016419
0 0.469273 0.551858 0.015393 0.023716
0 0.466195 0.557331 0.019497 0.027365
0 0.515451 0.544561 0.011288 0.016419
0 0.524687 0.557331 0.011288 0.031014
0 0.530844 0.561892 0.017445 0.036486
0 0.536488 0.563716 0.012314 0.032838
0 0.549315 0.564628 0.027707 0.052905
0 0.456959 0.561892 0.017445 0.029189
0 0.575996 0.571013 0.040021 0.072973
2 0.437975 0.543649 0.026681 0.043784
2 0.423608 0.540912 0.016419 0.023716
0 0.431817 0.562804 0.014367 0.023716
0 0.411807 0.571013 0.035916 0.058378
0 0.382048 0.577399 0.037969 0.071149
0 0.355880 0.588344 0.069780 0.074797
0 0.849987 0.643074 0.296567 0.417770
0 0.499546 0.550034 0.012314 0.020068
