1 0.102123 0.306929 0.202462 0.418051
0 0.984492 0.353322 0.029251 0.143769
0 0.805832 0.351265 0.067105 0.093807
0 0.857738 0.353814 0.065384 0.092787
0 0.923983 0.356873 0.107253 0.117258
0 0.753639 0.357383 0.052766 0.036707
0 0.718653 0.356363 0.026383 0.030589
0 0.683093 0.356363 0.020648 0.024471
0 0.660151 0.357383 0.028677 0.026511
0 0.616562 0.342598 0.009750 0.027530
0 0.594480 0.343618 0.017206 0.025491
0 0.564943 0.344637 0.021221 0.019373
0 0.539994 0.339029 0.025236 0.028550
0 0.515044 0.336480 0.018927 0.021412
0 0.442778 0.347696 0.020074 0.029569
0 0.286199 0.408365 0.207050 0.271224
0 0.413240 0.355344 0.047031 0.069335
0 0.491242 0.332402 0.006883 0.017334
0 0.499272 0.341069 0.012618 0.020393
0 0.463521 0.339879 0.016633 0.020393
