0 0.488866 0.603948 0.024370 0.043325
0 0.473757 0.599615 0.015597 0.031194
0 0.542481 0.601348 0.008773 0.024262
0 0.516648 0.600482 0.048740 0.081451
0 0.442563 0.631675 0.077985 0.102247
0 0.389923 0.601348 0.013647 0.017330
0 0.366528 0.600482 0.029244 0.025995
0 0.277333 0.616945 0.022421 0.031194
0 0.312913 0.610013 0.054589 0.038126
0 0.328504 0.581823 0.013660 0.017071
0 0.164743 0.625610 0.103330 0.083184
0 0.069211 0.646406 0.097481 0.072786
0 0.009261 0.632542 0.014622 0.107445
0 0.687240 0.639474 0.204710 0.246085
0 0.868554 0.631675 0.187163 0.209692
0 0.312872 0.579689 0.011203 0.012803
