0 0.550600 0.523546 0.028398 0.041136
0 0.565850 0.524481 0.010518 0.039266
0 0.587937 0.517002 0.037864 0.057964
0 0.597403 0.525416 0.037864 0.059834
0 0.605817 0.531960 0.039967 0.061704
0 0.632638 0.540374 0.062054 0.078532
0 0.500115 0.539439 0.091504 0.136496
0 0.451208 0.531025 0.018932 0.044875
0 0.434905 0.537570 0.032605 0.050485
0 0.424914 0.545984 0.023139 0.044875
2 0.401249 0.540374 0.041019 0.063573
0 0.382317 0.554398 0.047329 0.061704
0 0.325697 0.563747 0.077831 0.087881
0 0.938215 0.655741 0.118850 0.360873
