0 0.072940 0.616757 0.145881 0.393144
0 0.272249 0.628891 0.320599 0.392450
2 0.057177 0.450427 0.114355 0.110406
0 0.946794 0.347381 0.101796 0.112327
0 0.802875 0.406664 0.120517 0.139368
0 0.898236 0.323459 0.046803 0.072804
0 0.394521 0.455547 0.052653 0.062404
0 0.237731 0.443067 0.052653 0.012481
0 0.196194 0.473228 0.023401 0.031202
0 0.451854 0.437866 0.029252 0.027042
0 0.437813 0.437866 0.008190 0.022881
0 0.423188 0.437866 0.018721 0.035362
0 0.696399 0.402504 0.101796 0.085285
0 0.506263 0.446187 0.128708 0.081125
2 0.430793 0.404584 0.083075 0.047843
0 0.496841 0.220345 0.016381 0.014561
0 0.840842 0.026893 0.018721 0.052003
0 0.834991 0.130899 0.056163 0.064484
0 0.842012 0.189143 0.023401 0.076965
0 0.162786 0.469514 0.012871 0.020801
0 0.177997 0.464314 0.010531 0.027042
0 0.144650 0.467434 0.018721 0.020801
