0 0.102003 0.399384 0.202422 0.357781
0 0.747297 0.511711 0.170830 0.341140
0 0.466480 0.388983 0.039782 0.062404
0 0.392181 0.387943 0.029252 0.064484
0 0.345378 0.374422 0.090095 0.108166
0 0.408562 0.383783 0.024571 0.060324
0 0.417337 0.383783 0.021061 0.056163
0 0.433718 0.384823 0.023401 0.045763
0 0.489297 0.387943 0.010531 0.022881
0 0.516793 0.387943 0.014041 0.027042
0 0.522058 0.391063 0.012871 0.024961
0 0.532589 0.393144 0.019891 0.045763
0 0.546630 0.401464 0.029252 0.054083
0 0.548385 0.409785 0.023401 0.054083
0 0.574712 0.410825 0.047973 0.085285
0 0.610984 0.432666 0.069034 0.128968
0 0.664222 0.457627 0.124027 0.170570
