0 0.419275 0.391919 0.013196 0.019479
0 0.371290 0.382180 0.015595 0.025592
0 0.336500 0.386445 0.013196 0.017062
0 0.325703 0.390711 0.010797 0.025592
0 0.319705 0.388578 0.013196 0.025592
0 0.307709 0.389644 0.017995 0.031991
0 0.288514 0.391777 0.017995 0.027725
0 0.271119 0.384313 0.019194 0.034123
0 0.253125 0.387512 0.026392 0.044787
0 0.500251 0.389644 0.009597 0.023460
0 0.508649 0.388578 0.009597 0.029858
0 0.517646 0.388578 0.010797 0.034123
0 0.552836 0.387512 0.059582 0.091706
0 0.843550 0.419786 0.200341 0.181279
0 0.036589 0.400948 0.073178 0.112322
0 0.016195 0.430450 0.032390 0.121564
0 0.434271 0.387796 0.009597 0.031991
0 0.442669 0.375000 0.014396 0.044787
0 0.199141 0.397749 0.095972 0.087441
0 0.351496 0.383886 0.026392 0.034123
0 0.392284 0.382820 0.040788 0.053317
0 0.467861 0.375355 0.045586 0.072512
0 0.658364 0.409478 0.169870 0.226066
0 0.953840 0.445582 0.092320 0.228199
