2 0.130624 0.542426 0.011698 0.024262
0 0.217382 0.577086 0.025345 0.038126
0 0.253450 0.579686 0.074085 0.057189
0 0.346544 0.575353 0.075060 0.072786
0 0.374814 0.588351 0.051665 0.071053
0 0.417705 0.589217 0.065312 0.090116
0 0.641424 0.568421 0.025345 0.048524
0 0.663357 0.573620 0.028269 0.048524
0 0.768636 0.575353 0.041917 0.055456
0 0.799342 0.558023 0.050690 0.055456
2 0.162306 0.564955 0.055564 0.069320
0 0.181314 0.575353 0.058488 0.048524
0 0.078472 0.575353 0.057514 0.048524
0 0.462059 0.614346 0.077985 0.123042
0 0.599507 0.582285 0.079934 0.103980
0 0.839310 0.570154 0.068237 0.051990
