0 0.150769 0.799147 0.301537 0.396705
0 0.943234 0.615993 0.110637 0.141258
0 0.440337 0.658907 0.094545 0.137682
0 0.571593 0.657119 0.089516 0.126954
0 0.710896 0.643709 0.116672 0.132318
0 0.827065 0.629404 0.125724 0.110861
0 0.866794 0.582020 0.084487 0.066159
0 0.768226 0.600795 0.048278 0.050066
0 0.757162 0.569503 0.048278 0.023245
0 0.678710 0.599007 0.044255 0.042914
0 0.616854 0.611523 0.041238 0.060795
0 0.555500 0.608841 0.055319 0.062583
0 0.483083 0.644603 0.025145 0.080464
0 0.484592 0.622252 0.034197 0.057219
0 0.505714 0.621358 0.020116 0.044702
0 0.493644 0.586490 0.018104 0.010728
2 0.232640 0.588278 0.021122 0.021457
0 0.387030 0.564139 0.016093 0.019669
0 0.411169 0.556987 0.008046 0.016093
0 0.395076 0.593642 0.018104 0.025033
