0 0.503901 0.581510 0.015776 0.018698
0 0.503901 0.619841 0.024191 0.050485
0 0.488651 0.623581 0.037864 0.054224
0 0.484444 0.647888 0.023139 0.087881
0 0.440795 0.660416 0.093607 0.141357
0 0.624749 0.588989 0.029449 0.041136
0 0.658406 0.600208 0.035760 0.059834
0 0.678915 0.606752 0.043122 0.054224
0 0.701528 0.578705 0.016828 0.016828
0 0.553124 0.631060 0.059951 0.099100
0 0.573633 0.662847 0.090452 0.125277
0 0.723931 0.572161 0.038915 0.026177
0 0.710784 0.641344 0.122005 0.149585
0 0.765476 0.607687 0.056795 0.067313
0 0.757061 0.574031 0.054692 0.037396
0 0.826478 0.633865 0.128316 0.123407
0 0.867076 0.590859 0.088348 0.082272
0 0.942803 0.620776 0.113591 0.130886
0 0.151737 0.799156 0.303474 0.396399
2 0.232966 0.591326 0.026294 0.022438
