0 0.633560 0.350692 0.021795 0.042825
0 0.655355 0.345593 0.028677 0.061178
0 0.681164 0.346613 0.029824 0.059139
0 0.710989 0.343554 0.048178 0.057100
0 0.448878 0.367006 0.019501 0.030589
0 0.508527 0.398614 0.097503 0.134592
0 0.591691 0.369045 0.080296 0.099924
0 0.319257 0.413909 0.088326 0.104003
0 0.432263 0.382704 0.014912 0.036707
0 0.248710 0.409831 0.027530 0.026511
0 0.150651 0.427568 0.032119 0.028550
0 0.107635 0.435725 0.035560 0.028550
0 0.065767 0.450000 0.050472 0.048943
0 0.039957 0.456118 0.040148 0.036707
0 0.186785 0.424509 0.053913 0.050982
0 0.380070 0.391881 0.041295 0.055060
2 0.388099 0.378625 0.073414 0.077492
0 0.014308 0.568958 0.028615 0.208006
2 0.876693 0.421790 0.242283 0.650529
