0 0.540688 0.539325 0.013985 0.022376
0 0.528101 0.541811 0.011188 0.022376
0 0.520410 0.544298 0.018180 0.027348
0 0.472162 0.564187 0.033564 0.082044
0 0.449087 0.565430 0.034962 0.089503
0 0.417621 0.567916 0.053142 0.109392
0 0.378464 0.579104 0.097894 0.131768
0 0.570056 0.543054 0.016782 0.019890
0 0.581943 0.545541 0.018180 0.024862
0 0.602920 0.549270 0.029368 0.047238
4 0.714798 0.600237 0.060135 0.114365
0 0.851150 0.596507 0.246133 0.305801
0 0.270781 0.595264 0.192990 0.179006
0 0.926023 0.613911 0.146948 0.325691
