0 0.278620 0.538625 0.013658 0.016996
0 0.261548 0.541053 0.012292 0.021853
0 0.249938 0.542267 0.013658 0.024281
0 0.235598 0.542267 0.012292 0.024281
0 0.225354 0.544695 0.016389 0.029137
0 0.206916 0.544695 0.017755 0.024281
0 0.167308 0.548337 0.017755 0.026709
0 0.146139 0.549551 0.019121 0.029137
0 0.122921 0.553193 0.027316 0.031565
0 0.431588 0.541053 0.010926 0.016996
0 0.471878 0.541862 0.009560 0.020234
0 0.518998 0.556835 0.010926 0.024281
0 0.334617 0.563310 0.054631 0.072842
0 0.422027 0.554812 0.024584 0.036421
0 0.488268 0.546313 0.015024 0.033993
0 0.542899 0.563310 0.045071 0.058273
0 0.604359 0.549955 0.036876 0.036421
0 0.964471 0.683499 0.066923 0.152968
