0 0.039967 0.560623 0.079934 0.064121
0 0.023883 0.519031 0.045816 0.046791
0 0.099430 0.536361 0.077985 0.074519
0 0.163768 0.530295 0.111128 0.069320
0 0.258811 0.531162 0.059463 0.050257
0 0.229567 0.523364 0.022421 0.034660
0 0.481068 0.584018 0.098456 0.128241
0 0.324611 0.558023 0.083833 0.114377
0 0.642886 0.593550 0.119901 0.126508
0 0.746215 0.557157 0.061413 0.074519
0 0.392848 0.543293 0.033143 0.039859
2 0.541018 0.517298 0.083833 0.140372
0 0.438176 0.541560 0.016572 0.039859
0 0.429403 0.544159 0.012673 0.041592
0 0.416730 0.546759 0.018521 0.032927
0 0.699912 0.559756 0.031194 0.038126
