0 0.425617 0.549798 0.015310 0.021774
0 0.444755 0.548438 0.019903 0.024496
0 0.455089 0.553881 0.016075 0.035383
0 0.481499 0.557964 0.044399 0.062601
0 0.637278 0.578377 0.046695 0.076210
0 0.670577 0.594708 0.064302 0.073488
0 0.268435 0.563407 0.019903 0.054435
0 0.246618 0.566129 0.028323 0.081653
0 0.224802 0.557964 0.022965 0.092540
0 0.364888 0.517137 0.104108 0.048992
0 0.068640 0.562727 0.050523 0.077571
0 0.557028 0.584047 0.122480 0.170111
0 0.028488 0.573420 0.056975 0.210938
0 0.150858 0.568656 0.158458 0.168750
0 0.345623 0.596555 0.207450 0.159224
0 0.817170 0.640103 0.363612 0.243599
