0 0.410567 0.552185 0.123172 0.154691
0 0.949240 0.652160 0.099876 0.279634
0 0.857754 0.575409 0.243857 0.305118
0 0.736955 0.553691 0.109178 0.192362
0 0.677979 0.545026 0.036068 0.098781
0 0.654583 0.537227 0.034118 0.093582
0 0.633625 0.528562 0.031194 0.086650
0 0.617541 0.523364 0.030219 0.072786
0 0.599019 0.517298 0.030219 0.039859
0 0.588784 0.511233 0.027295 0.031194
0 0.483992 0.530295 0.043866 0.110911
0 0.507387 0.517298 0.024370 0.074519
0 0.524447 0.514699 0.015597 0.065854
0 0.536632 0.509500 0.020471 0.051990
