0 0.431260 0.470970 0.016358 0.022959
0 0.402216 0.483163 0.021524 0.027551
0 0.366656 0.493436 0.016358 0.045918
0 0.349006 0.493436 0.027551 0.052041
0 0.327051 0.497262 0.033578 0.062755
0 0.518186 0.493436 0.019802 0.036735
0 0.538178 0.495919 0.026834 0.052041
0 0.564796 0.510459 0.049075 0.059694
0 0.619037 0.523470 0.074904 0.116327
0 0.687915 0.543368 0.133450 0.159184
0 0.870010 0.634439 0.256569 0.270918
0 0.276863 0.494388 0.079209 0.091837
0 0.088926 0.518878 0.177852 0.177551
0 0.480209 0.503878 0.062758 0.104082
0 0.437114 0.460255 0.012915 0.016837
0 0.399150 0.456475 0.019121 0.019424
0 0.378663 0.457689 0.024584 0.021853
