0 0.349863 0.367069 0.061943 0.089728
0 0.385194 0.354834 0.020648 0.032628
0 0.424768 0.357893 0.021795 0.022432
0 0.440254 0.354834 0.013765 0.028550
0 0.499903 0.354834 0.016059 0.028550
0 0.551751 0.347696 0.011471 0.018353
0 0.536266 0.345657 0.026383 0.034668
0 0.575840 0.354834 0.022942 0.036707
0 0.524795 0.366050 0.044737 0.067296
0 0.467440 0.358912 0.047031 0.069335
0 0.399762 0.359932 0.033266 0.034668
1 0.304438 0.351775 0.096356 0.087689
0 0.072539 0.369109 0.118150 0.077492
0 0.693690 0.356873 0.061943 0.106042
0 0.809546 0.407855 0.263831 0.285498
