0 0.232979 0.501701 0.064337 0.064121
0 0.325586 0.496502 0.060438 0.067587
0 0.274896 0.492170 0.038992 0.051990
0 0.299266 0.462709 0.037043 0.045058
0 0.322661 0.454044 0.013647 0.013864
0 0.340208 0.451444 0.025345 0.022529
0 0.363603 0.478306 0.027295 0.048524
2 0.502026 0.458376 0.044841 0.098781
0 0.477168 0.461842 0.004874 0.029461
0 0.473757 0.450578 0.011698 0.034660
0 0.443538 0.447978 0.013647 0.015597
0 0.465958 0.447112 0.011698 0.013864
0 0.398696 0.444512 0.013647 0.015597
0 0.411856 0.447978 0.006824 0.015597
0 0.422092 0.450578 0.011698 0.017330
