0 0.651494 0.397009 0.024866 0.049307
0 0.643365 0.408911 0.016259 0.039106
0 0.619455 0.398709 0.037299 0.079912
0 0.601284 0.414862 0.044950 0.071411
0 0.590763 0.422513 0.023910 0.069710
0 0.571636 0.427614 0.041125 0.086713
0 0.520469 0.440365 0.109029 0.125819
0 0.764157 0.415287 0.034430 0.057809
0 0.787589 0.416987 0.039212 0.085013
0 0.680951 0.401685 0.030605 0.027204
0 0.822975 0.424638 0.071729 0.096914
0 0.383752 0.476496 0.208493 0.221033
0 0.106638 0.407636 0.213275 0.226134
0 0.940373 0.450992 0.118593 0.214232
