0 0.420347 0.526181 0.010763 0.014882
0 0.406595 0.524055 0.014350 0.019134
2 0.385069 0.509173 0.035876 0.048898
0 0.340224 0.526181 0.022721 0.027638
0 0.355172 0.532559 0.016742 0.023386
0 0.313915 0.528307 0.032288 0.040394
0 0.287606 0.541063 0.025113 0.053150
0 0.269070 0.540000 0.033484 0.063780
0 0.243957 0.547441 0.043051 0.065906
0 0.183566 0.570827 0.094473 0.112677
0 0.062783 0.603780 0.125566 0.123307
0 0.431110 0.549567 0.029897 0.104173
0 0.555360 0.520016 0.031093 0.051024
0 0.494737 0.593868 0.151171 0.224664
0 0.379973 0.528703 0.033750 0.048000
