0 0.385142 0.505547 0.026367 0.063281
0 0.451719 0.482109 0.019775 0.021094
0 0.469517 0.486797 0.026367 0.030469
0 0.490611 0.502031 0.026367 0.056250
0 0.514341 0.492656 0.031641 0.093750
2 0.585532 0.421172 0.097559 0.049219
0 0.616514 0.432890 0.093603 0.039844
2 0.601353 0.499687 0.152930 0.126562
2 0.655405 0.422343 0.155566 0.103125
2 0.758897 0.464531 0.222803 0.243750
2 0.828770 0.441093 0.154248 0.103125
2 0.836680 0.519609 0.188525 0.246094
0 0.895347 0.605156 0.108105 0.150000
2 0.929188 0.434841 0.140618 0.518754
0 0.329112 0.507890 0.022412 0.039844
0 0.365367 0.491484 0.010547 0.021094
0 0.412168 0.512578 0.051416 0.077344
2 0.240782 0.544218 0.135791 0.206250
