0 0.499067 0.481706 0.017206 0.022432
0 0.485302 0.486804 0.012618 0.032628
0 0.470390 0.501079 0.030971 0.036707
0 0.439418 0.510256 0.044737 0.079532
0 0.390667 0.538806 0.080296 0.108082
0 0.313812 0.582650 0.112415 0.150906
0 0.544377 0.476608 0.013765 0.024471
0 0.594276 0.498020 0.024089 0.059139
0 0.610908 0.497000 0.039001 0.081571
0 0.686043 0.495981 0.136504 0.177417
0 0.754295 0.537786 0.190417 0.199849
0 0.881178 0.600421 0.234430 0.429413
0 0.150333 0.627173 0.299391 0.385998
0 0.563286 0.480058 0.024089 0.038746
