0 0.464496 0.512966 0.034118 0.058922
0 0.532245 0.496502 0.025345 0.025995
0 0.606818 0.508633 0.047766 0.032927
0 0.505438 0.493036 0.014622 0.022529
0 0.491303 0.493036 0.011698 0.022529
0 0.248576 0.486971 0.040942 0.045058
0 0.284644 0.487837 0.027295 0.032927
0 0.304140 0.489570 0.011698 0.019063
0 0.080909 0.474840 0.050690 0.027728
0 0.126238 0.478306 0.016572 0.017330
0 0.153045 0.478306 0.017547 0.017330
0 0.031681 0.477439 0.020471 0.019063
0 0.216407 0.485238 0.021446 0.045058
0 0.399671 0.486971 0.017547 0.013864
0 0.370427 0.487837 0.013647 0.015597
0 0.339233 0.489570 0.013647 0.015597
0 0.351906 0.488704 0.011698 0.013864
