0 0.020098 0.533552 0.026912 0.010401
0 0.023024 0.546033 0.037442 0.018721
0 0.324694 0.441506 0.012871 0.008321
0 0.077225 0.447747 0.025742 0.016641
0 0.111157 0.447747 0.009361 0.008320
0 0.146844 0.448787 0.010531 0.010401
0 0.205347 0.447747 0.022231 0.012481
0 0.269116 0.502870 0.011701 0.018721
0 0.320599 0.495590 0.021061 0.016641
0 0.499620 0.458147 0.012871 0.024961
0 0.490844 0.466468 0.009361 0.024961
0 0.482654 0.466468 0.011701 0.024961
0 0.513076 0.462308 0.011701 0.029122
0 0.454572 0.498710 0.079565 0.097766
0 0.560086 0.473922 0.098286 0.203159
2 0.703419 0.366449 0.195402 0.405624
2 0.868399 0.393490 0.260926 0.763406
2 0.200667 0.508590 0.015211 0.027042
0 0.111742 0.525231 0.015211 0.022881
