0 0.399671 0.909301 0.021446 0.039859
0 0.422579 0.907568 0.039967 0.039859
0 0.386999 0.891104 0.015597 0.024262
0 0.372377 0.890238 0.013647 0.022529
0 0.335821 0.881573 0.018521 0.022529
0 0.320712 0.883306 0.009748 0.015597
0 0.307552 0.883306 0.018521 0.025995
0 0.286594 0.873774 0.017547 0.020796
0 0.261736 0.882439 0.028269 0.031194
0 0.224206 0.874641 0.023395 0.043325
0 0.203735 0.884172 0.052640 0.055456
0 0.117464 0.848646 0.024370 0.064121
0 0.070674 0.853845 0.096506 0.102247
0 0.355317 0.903235 0.032169 0.051990
0 0.521522 0.946560 0.064337 0.097048
0 0.441588 0.946560 0.111128 0.103980
0 0.878789 0.972555 0.238828 0.051990
