0 0.088409 0.766192 0.176819 0.223510
0 0.301537 0.779603 0.130753 0.135894
0 0.917084 0.846656 0.162939 0.223510
0 0.804435 0.832351 0.249437 0.184172
0 0.175310 0.790331 0.099574 0.135894
0 0.238172 0.791225 0.046267 0.101921
0 0.366914 0.779603 0.018104 0.067947
0 0.685751 0.798377 0.114661 0.151987
0 0.614339 0.810894 0.060348 0.109073
0 0.599755 0.793013 0.067388 0.105497
0 0.562541 0.791225 0.019110 0.069735
0 0.547454 0.786755 0.019110 0.046490
0 0.534882 0.782285 0.014081 0.033974
0 0.526835 0.780497 0.012070 0.033974
0 0.518286 0.776921 0.011064 0.026821
0 0.498673 0.777815 0.010058 0.021457
1 0.470008 0.754570 0.029168 0.064371
0 0.404128 0.788543 0.062359 0.078675
0 0.458944 0.776921 0.025145 0.041126
