0 0.086758 0.655071 0.173516 0.166367
0 0.211533 0.635141 0.099430 0.126508
0 0.287568 0.635141 0.068237 0.095315
0 0.334359 0.642073 0.046791 0.067587
0 0.360191 0.644673 0.026320 0.062388
0 0.380662 0.648139 0.026320 0.055456
0 0.394797 0.653338 0.023395 0.041592
0 0.412344 0.652471 0.023395 0.043325
0 0.683828 0.662003 0.100405 0.138639
0 0.640134 0.649872 0.044841 0.121309
0 0.618688 0.641207 0.038992 0.110911
0 0.595780 0.639474 0.030219 0.079718
0 0.573847 0.655071 0.021446 0.048524
0 0.556300 0.655937 0.017547 0.029461
0 0.541678 0.654204 0.015597 0.025995
0 0.439324 0.652471 0.029244 0.039859
0 0.461257 0.651605 0.022421 0.031194
0 0.522275 0.655883 0.020471 0.024262
