0 0.475706 0.246085 0.011698 0.017330
0 0.467908 0.246951 0.011698 0.025995
0 0.457185 0.251284 0.021446 0.024262
0 0.441101 0.269480 0.020471 0.043325
0 0.514699 0.246085 0.009748 0.013864
0 0.525421 0.256483 0.015597 0.024262
0 0.534195 0.269480 0.021446 0.036393
0 0.550766 0.281611 0.033143 0.046791
0 0.587322 0.319737 0.053614 0.071053
0 0.400646 0.272946 0.052640 0.084917
0 0.131599 0.447112 0.263198 0.395122
2 0.095531 0.188030 0.163768 0.126508
2 0.127212 0.028594 0.047766 0.025995
0 0.263198 0.043325 0.081884 0.058922
0 0.389923 0.073652 0.105279 0.067587
