0 0.569775 0.253883 0.008773 0.019063
0 0.562464 0.256483 0.005849 0.020796
0 0.557103 0.257349 0.012673 0.022529
0 0.552716 0.260815 0.013647 0.025995
0 0.538094 0.261682 0.017547 0.031194
0 0.531270 0.270347 0.025345 0.034660
0 0.524447 0.287677 0.038992 0.055456
0 0.510312 0.245218 0.014622 0.019063
0 0.524934 0.246951 0.008773 0.012131
0 0.496665 0.266881 0.032169 0.045058
2 0.471320 0.237420 0.018521 0.024262
0 0.433302 0.251284 0.014622 0.013864
0 0.451336 0.245218 0.017547 0.015597
0 0.465958 0.269480 0.029244 0.036393
2 0.381637 0.246085 0.028269 0.024262
0 0.365066 0.258216 0.022421 0.020796
0 0.423554 0.271213 0.032169 0.046791
0 0.335821 0.298075 0.051665 0.076252
0 0.389436 0.285077 0.043866 0.060655
0 0.456697 0.291143 0.038018 0.048524
0 0.515186 0.319737 0.055564 0.081451
2 0.170104 0.388190 0.340208 0.776380
0 0.923630 0.318870 0.012673 0.013864
0 0.910471 0.320603 0.015597 0.013864
0 0.894874 0.321470 0.015597 0.015597
0 0.884151 0.324936 0.013647 0.012131
0 0.871966 0.322336 0.014622 0.013864
0 0.850520 0.324069 0.020471 0.013864
4 0.474244 0.280745 0.008773 0.020796
