0 0.107997 0.549665 0.093607 0.072922
0 0.247356 0.536576 0.061002 0.065443
0 0.272073 0.543120 0.064158 0.056094
0 0.349378 0.533771 0.050485 0.041136
0 0.389345 0.533771 0.035760 0.033657
0 0.424579 0.532837 0.038915 0.028047
0 0.488737 0.569298 0.125160 0.149585
0 0.541325 0.530032 0.013673 0.033657
0 0.560783 0.533771 0.018932 0.026177
0 0.580766 0.527227 0.012621 0.024307
0 0.595491 0.534706 0.025242 0.031787
0 0.621259 0.532837 0.017880 0.035526
0 0.651761 0.548730 0.068365 0.093490
0 0.685943 0.515073 0.021035 0.026177
0 0.706452 0.513204 0.034708 0.033657
0 0.726436 0.519748 0.043122 0.039266
0 0.751678 0.514138 0.038915 0.031787
0 0.774817 0.525357 0.036812 0.043006
0 0.815836 0.521618 0.070468 0.057964
0 0.885779 0.528162 0.082038 0.074792
0 0.932582 0.515073 0.038915 0.052355
0 0.966765 0.522553 0.065210 0.093490
