0 0.095591 0.231526 0.038236 0.033988
0 0.215271 0.232885 0.022177 0.020393
0 0.168623 0.239683 0.029824 0.031269
0 0.193094 0.245121 0.035942 0.028550
0 0.307038 0.240363 0.019118 0.021752
0 0.333039 0.245121 0.022177 0.020393
0 0.372040 0.236284 0.006883 0.013595
0 0.364011 0.237643 0.015295 0.021752
0 0.388354 0.236782 0.016059 0.017674
0 0.391031 0.251737 0.026001 0.023112
0 0.420091 0.247659 0.016824 0.028550
0 0.452209 0.240861 0.010706 0.014955
0 0.463298 0.242900 0.016059 0.019033
0 0.490446 0.238142 0.010706 0.014955
0 0.483181 0.241541 0.014530 0.013595
0 0.531486 0.243353 0.013765 0.014955
0 0.542575 0.245393 0.009941 0.016314
0 0.065767 0.255589 0.061178 0.050302
0 0.274537 0.279381 0.074943 0.089728
0 0.394982 0.290257 0.049707 0.067976
0 0.438189 0.259668 0.026001 0.039426
0 0.466484 0.254909 0.018353 0.027190
0 0.483308 0.252870 0.014530 0.017674
0 0.686726 0.272583 0.032883 0.048943
0 0.756698 0.294335 0.047413 0.059819
0 0.955546 0.348769 0.087179 0.110121
