0 0.466933 0.483505 0.013647 0.017330
0 0.452311 0.489570 0.021446 0.025995
0 0.437689 0.493903 0.017547 0.045058
0 0.422092 0.494769 0.025345 0.053723
0 0.408444 0.499102 0.025345 0.051990
0 0.390898 0.494769 0.037043 0.081451
0 0.348006 0.497369 0.076035 0.131707
0 0.281232 0.528562 0.135498 0.162901
0 0.498127 0.481772 0.007798 0.017330
0 0.503976 0.481772 0.011698 0.027728
0 0.510312 0.483505 0.014622 0.031194
0 0.516648 0.491303 0.019496 0.032927
0 0.549792 0.506034 0.021446 0.065854
0 0.543943 0.497369 0.029244 0.051990
0 0.540531 0.495636 0.034118 0.069320
0 0.592196 0.499102 0.075060 0.103980
0 0.110153 0.541781 0.220307 0.337491
