0 0.848096 0.367440 0.019137 0.016331
0 0.739855 0.405544 0.025261 0.013609
0 0.799564 0.386492 0.026792 0.013609
0 0.254911 0.527344 0.029089 0.009526
0 0.207068 0.522581 0.025261 0.008165
0 0.138173 0.517818 0.029854 0.009526
0 0.109084 0.517818 0.019137 0.009526
0 0.029089 0.512374 0.029089 0.009526
0 0.390405 0.542314 0.006124 0.014970
0 0.379305 0.546396 0.017606 0.023135
0 0.367822 0.543674 0.005358 0.020413
0 0.358254 0.545716 0.021434 0.048992
0 0.410308 0.529385 0.022965 0.008165
0 0.329930 0.548438 0.052054 0.070766
0 0.410690 0.567490 0.052819 0.076210
