0 0.331753 0.358190 0.009177 0.016314
0 0.322576 0.361589 0.013765 0.017674
0 0.384519 0.354112 0.009177 0.016314
0 0.391402 0.356831 0.006118 0.021752
0 0.398284 0.357510 0.007647 0.020393
0 0.406314 0.356151 0.008412 0.017674
0 0.446080 0.358190 0.014530 0.027190
0 0.466727 0.351393 0.009941 0.010876
0 0.456404 0.350713 0.012236 0.014955
0 0.482022 0.359550 0.019118 0.038066
0 0.602084 0.362269 0.048178 0.051662
0 0.736711 0.496057 0.234007 0.218882
0 0.429742 0.349230 0.008412 0.014955
0 0.306239 0.365544 0.013765 0.020393
0 0.361577 0.400891 0.076473 0.104683
0 0.461374 0.373145 0.026765 0.046224
0 0.546259 0.390139 0.074179 0.104683
0 0.912599 0.656851 0.172829 0.475460
