0 0.957261 0.521631 0.083833 0.239153
0 0.830049 0.464442 0.211533 0.173299
0 0.692114 0.429782 0.109178 0.107445
0 0.559540 0.376926 0.046791 0.046791
0 0.526396 0.375193 0.019496 0.039859
0 0.511287 0.371727 0.016572 0.032927
0 0.497639 0.366528 0.012673 0.025995
0 0.486917 0.368261 0.010723 0.019063
0 0.477168 0.367394 0.012673 0.027728
0 0.466446 0.363928 0.014622 0.017330
0 0.262711 0.383858 0.043866 0.053723
0 0.294392 0.382991 0.025345 0.038126
0 0.314376 0.382125 0.016572 0.039859
0 0.333384 0.381258 0.021446 0.027728
0 0.337771 0.368261 0.022421 0.036393
0 0.356780 0.369127 0.015597 0.024262
0 0.368477 0.374326 0.011698 0.024262
0 0.374814 0.369127 0.018521 0.017330
0 0.394310 0.365661 0.012673 0.017330
0 0.421117 0.363928 0.013647 0.017330
0 0.446462 0.359596 0.009748 0.015597
