2 0.403391 0.432567 0.026600 0.048814
2 0.546364 0.433983 0.021451 0.042712
0 0.516761 0.437797 0.015445 0.032034
0 0.528345 0.446949 0.023167 0.035085
0 0.481581 0.437034 0.013729 0.033559
0 0.471713 0.438559 0.012871 0.018305
0 0.498313 0.434746 0.024883 0.047288
0 0.439536 0.443898 0.010297 0.019831
0 0.427524 0.432458 0.020593 0.024407
0 0.426666 0.448474 0.017161 0.022881
0 0.376899 0.450763 0.018877 0.027458
0 0.359309 0.453051 0.023167 0.035085
0 0.339574 0.452288 0.028316 0.036610
0 0.310400 0.446949 0.033464 0.044237
0 0.288091 0.457627 0.023167 0.041186
0 0.255056 0.445424 0.051483 0.074746
0 0.230601 0.464491 0.042044 0.045763
0 0.191989 0.469830 0.060922 0.053390
0 0.558505 0.445881 0.007722 0.025932
0 0.566657 0.447407 0.013729 0.035085
0 0.572663 0.450458 0.018877 0.025932
0 0.580385 0.453508 0.015445 0.028983
0 0.588108 0.454271 0.015445 0.033559
0 0.593685 0.456559 0.016303 0.035085
0 0.645597 0.465712 0.092669 0.166271
0 0.834025 0.461898 0.326059 0.457627
