0 0.737970 0.391201 0.032007 0.027028
0 0.710364 0.395469 0.029607 0.029874
0 0.682358 0.386934 0.016804 0.009958
0 0.668354 0.394758 0.016004 0.022761
0 0.643549 0.409695 0.040009 0.052634
0 0.621143 0.402582 0.012803 0.024183
0 0.605540 0.403293 0.024806 0.034141
0 0.583935 0.395469 0.023205 0.018493
0 0.562730 0.397603 0.024006 0.014226
0 0.539124 0.405427 0.034408 0.032719
0 0.512318 0.408272 0.040009 0.038409
0 0.503116 0.431744 0.044010 0.051212
0 0.567531 0.455927 0.081619 0.108114
0 0.698761 0.435301 0.067216 0.103846
