0 0.599654 0.591559 0.016813 0.027399
0 0.575136 0.613976 0.037829 0.052306
0 0.717343 0.582842 0.064449 0.074723
0 0.644488 0.621449 0.092470 0.166882
0 0.542211 0.604013 0.019615 0.022417
0 0.470056 0.628921 0.023818 0.022417
0 0.429425 0.633902 0.023818 0.027399
0 0.390196 0.652583 0.026620 0.034871
0 0.348164 0.665037 0.023818 0.034871
0 0.315939 0.681227 0.037829 0.042343
0 0.277410 0.692436 0.039230 0.049816
0 0.063748 0.779198 0.065850 0.072232
3 0.974686 0.617297 0.047636 0.141974
0 0.216712 0.770480 0.198951 0.169373
