0 0.084277 0.579768 0.158898 0.142186
0 0.420229 0.532931 0.053016 0.062372
0 0.203877 0.560652 0.075626 0.084548
0 0.789781 0.590452 0.219860 0.310472
0 0.638919 0.559959 0.134879 0.207905
0 0.560175 0.550949 0.064711 0.109497
0 0.525871 0.552336 0.038203 0.081776
0 0.515735 0.539168 0.045999 0.077618
0 0.489617 0.540554 0.024949 0.055441
0 0.302892 0.536396 0.021050 0.058214
0 0.318875 0.542633 0.014034 0.042967
0 0.331349 0.535703 0.017152 0.040195
0 0.346942 0.540554 0.010915 0.030493
0 0.272486 0.544712 0.050677 0.063758
0 0.923621 0.600795 0.149863 0.418411
