0 0.260176 0.496502 0.071161 0.116110
0 0.355220 0.473107 0.013647 0.017330
2 0.325976 0.462709 0.027295 0.058922
0 0.558955 0.510366 0.116977 0.150770
0 0.499979 0.505167 0.045816 0.105712
0 0.472197 0.504301 0.035093 0.083184
0 0.452701 0.498235 0.038992 0.067587
0 0.437591 0.489570 0.020471 0.057189
0 0.423457 0.487837 0.023395 0.057189
0 0.407372 0.482638 0.020471 0.032927
0 0.391288 0.482638 0.009748 0.025995
0 0.383489 0.478306 0.009748 0.020796
0 0.373741 0.473973 0.009748 0.022529
0 0.341573 0.473973 0.007798 0.015597
0 0.345472 0.472240 0.007798 0.015597
0 0.306967 0.474840 0.004874 0.013864
0 0.215335 0.480905 0.014622 0.025995
0 0.203150 0.482638 0.015597 0.025995
0 0.195839 0.484371 0.014622 0.022529
0 0.183166 0.486104 0.018521 0.022529
0 0.168057 0.484371 0.015597 0.032927
0 0.153435 0.483505 0.025345 0.038126
0 0.123703 0.488704 0.047766 0.051990
0 0.038895 0.503434 0.071161 0.077985
0 0.008968 0.511233 0.017936 0.065854
