0 0.022421 0.726990 0.044841 0.206226
0 0.136961 0.557157 0.270022 0.362195
0 0.447437 0.461842 0.054589 0.067587
0 0.588297 0.500835 0.151095 0.211425
0 0.834436 0.486971 0.140372 0.190629
0 0.493740 0.447112 0.036068 0.055456
0 0.771560 0.433248 0.028269 0.083184
0 0.743778 0.440180 0.035093 0.055456
0 0.724282 0.432381 0.037043 0.064121
0 0.698937 0.430648 0.027295 0.053723
0 0.684803 0.431515 0.022421 0.045058
0 0.667256 0.433248 0.012673 0.041592
0 0.656046 0.433248 0.013647 0.034660
0 0.651172 0.425449 0.015597 0.032927
