0 0.865325 0.486421 0.007488 0.012202
0 0.855342 0.483648 0.007488 0.013311
0 0.849102 0.490859 0.008736 0.009984
0 0.847881 0.496775 0.010608 0.009984
0 0.880952 0.509531 0.044302 0.031060
0 0.837247 0.495296 0.007488 0.014421
0 0.830137 0.488825 0.012972 0.014790
0 0.826770 0.501766 0.014975 0.017749
0 0.813848 0.496405 0.014351 0.021076
2 0.978292 0.482169 0.043054 0.124240
2 0.766738 0.479211 0.071133 0.133114
0 0.601385 0.529129 0.048670 0.110928
2 0.126604 0.569668 0.253208 0.271875
3 0.634455 0.706725 0.187192 0.307272
