0 0.530470 0.702923 0.019121 0.021853
0 0.554372 0.700495 0.017755 0.016996
0 0.573492 0.699281 0.015024 0.019424
0 0.590565 0.701709 0.021853 0.029137
0 0.620612 0.694425 0.027316 0.029137
0 0.662951 0.700495 0.038242 0.031565
0 0.779726 0.690783 0.099702 0.084982
0 0.949083 0.685927 0.099702 0.162680
0 0.511349 0.702923 0.013658 0.016996
0 0.502472 0.707779 0.015024 0.021853
0 0.473107 0.701709 0.030047 0.033993
0 0.417110 0.706565 0.019121 0.024281
0 0.390477 0.706565 0.023218 0.024281
0 0.350870 0.708993 0.039608 0.024281
0 0.319457 0.706565 0.028681 0.024281
0 0.280532 0.713849 0.046437 0.033993
0 0.242290 0.716278 0.030047 0.029137
0 0.184244 0.723562 0.053266 0.038849
0 0.034008 0.729632 0.061460 0.041277
0 0.134393 0.725990 0.038242 0.038849
