0 0.081396 0.655071 0.135498 0.138639
0 0.010723 0.691464 0.021446 0.107445
0 0.172541 0.629076 0.064337 0.097048
0 0.212021 0.611746 0.028269 0.083184
0 0.237366 0.610013 0.028269 0.062388
0 0.256374 0.605681 0.021446 0.057189
0 0.276845 0.605681 0.023395 0.043325
0 0.295367 0.597016 0.025345 0.050257
0 0.309989 0.595283 0.015597 0.036393
0 0.507387 0.577086 0.053614 0.100514
0 0.478631 0.577086 0.029244 0.072786
0 0.462059 0.577086 0.023395 0.072786
0 0.444512 0.578819 0.027295 0.055456
0 0.433789 0.570154 0.027295 0.051990
0 0.419655 0.568421 0.028269 0.048524
0 0.365553 0.582285 0.052640 0.076252
0 0.567338 0.583152 0.116977 0.157702
