0 0.452115 0.453675 0.009361 0.018721
0 0.452700 0.460956 0.008190 0.016641
0 0.467326 0.455755 0.007020 0.018721
0 0.460891 0.464076 0.010531 0.010401
0 0.463816 0.475517 0.011701 0.016641
0 0.449775 0.473436 0.011701 0.016641
0 0.437489 0.456795 0.012871 0.012481
0 0.436319 0.475517 0.017551 0.020801
0 0.462061 0.487997 0.010531 0.016641
0 0.450945 0.495278 0.018721 0.027042
0 0.422278 0.478637 0.012871 0.014561
0 0.424618 0.496318 0.022231 0.024961
0 0.443925 0.524399 0.023401 0.043683
0 0.400632 0.474476 0.032762 0.039522
0 0.375476 0.517119 0.024571 0.045763
0 0.477857 0.489037 0.014041 0.027042
0 0.586498 0.527832 0.023401 0.049923
0 0.609314 0.546553 0.059674 0.137288
0 0.663430 0.560074 0.106476 0.193452
0 0.793893 0.589507 0.265606 0.320339
0 0.910900 0.661272 0.174340 0.505470
0 0.374422 0.514831 0.023401 0.039522
0 0.411280 0.534592 0.059674 0.087365
0 0.478559 0.569954 0.091265 0.124807
0 0.245130 0.578275 0.207102 0.232974
0 0.553691 0.498668 0.049715 0.088383
1 0.501711 0.490437 0.048740 0.100514
