0 0.382637 0.546963 0.022942 0.042825
0 0.261045 0.573473 0.045884 0.055060
0 0.229500 0.584689 0.040148 0.057100
0 0.187631 0.582650 0.064237 0.077492
0 0.133718 0.595905 0.075708 0.075453
0 0.053039 0.593633 0.104385 0.108082
0 0.525177 0.567938 0.028677 0.079532
0 0.536648 0.546526 0.021795 0.036707
0 0.566472 0.560801 0.063090 0.073414
0 0.564752 0.569977 0.027530 0.067296
0 0.574502 0.577115 0.047031 0.077492
0 0.604900 0.591390 0.078002 0.118278
0 0.662254 0.604645 0.112415 0.161103
0 0.820214 0.621163 0.290214 0.318127
0 0.903909 0.712727 0.191564 0.405816
0 0.330171 0.594449 0.113562 0.136631
0 0.451763 0.592409 0.145681 0.226360
0 0.051857 0.789442 0.102522 0.409027
