0 0.027295 0.521631 0.054589 0.065854
0 0.433049 0.477490 0.033612 0.037423
0 0.369501 0.477490 0.015695 0.026335
0 0.346057 0.471374 0.015597 0.020796
0 0.295854 0.477439 0.016572 0.019063
0 0.225181 0.484371 0.011698 0.019063
0 0.247601 0.485238 0.015597 0.020796
0 0.073598 0.495636 0.024370 0.024262
0 0.092607 0.493903 0.013647 0.024262
2 0.109178 0.480039 0.023395 0.031194
2 0.133549 0.476573 0.025345 0.031194
0 0.217870 0.467908 0.010723 0.013864
0 0.238828 0.466175 0.009748 0.013864
2 0.228105 0.451444 0.015597 0.025995
0 0.912908 0.447978 0.038018 0.022529
0 0.335821 0.464442 0.010723 0.013864
0 0.317300 0.458376 0.008773 0.008665
0 0.287568 0.467041 0.009748 0.015597
