0 0.204450 0.488088 0.089237 0.102203
0 0.238343 0.473596 0.042044 0.079322
0 0.264582 0.480360 0.012871 0.047843
0 0.268092 0.472040 0.019891 0.052003
0 0.280963 0.473080 0.017551 0.049923
0 0.287984 0.474120 0.015211 0.035362
0 0.297929 0.473080 0.014041 0.029122
0 0.305535 0.472040 0.010531 0.022881
0 0.470514 0.506362 0.073714 0.112327
0 0.423127 0.501161 0.037442 0.068644
0 0.388610 0.487641 0.026912 0.049923
0 0.378079 0.486601 0.017551 0.047843
0 0.371058 0.482440 0.017551 0.039522
0 0.363453 0.485561 0.014041 0.029122
0 0.361113 0.479320 0.018721 0.033282
0 0.349412 0.478280 0.016381 0.022881
2 0.332446 0.471000 0.015211 0.029122
3 0.399725 0.532363 0.032762 0.081125
0 0.552419 0.505322 0.047973 0.068644
0 0.918066 0.597887 0.159130 0.108166
0 0.975985 0.624929 0.045633 0.116487
3 0.500382 0.559104 0.064475 0.063679
