0 0.060423 0.552336 0.119286 0.117813
0 0.185556 0.535010 0.073287 0.080390
0 0.295096 0.537782 0.045999 0.077618
0 0.325112 0.541940 0.017152 0.055441
1 0.342654 0.526001 0.024169 0.042967
0 0.575768 0.586986 0.063151 0.087320
0 0.620208 0.609163 0.099015 0.115041
0 0.536786 0.582135 0.055355 0.080390
0 0.511837 0.562731 0.025728 0.060986
0 0.406585 0.545405 0.016373 0.031879
0 0.368382 0.536396 0.008576 0.019405
0 0.380077 0.537782 0.019491 0.027721
0 0.421788 0.553722 0.034304 0.051283
0 0.468567 0.565503 0.079524 0.102567
0 0.735206 0.638963 0.169963 0.177413
0 0.242860 0.539168 0.081863 0.113655
