1 0.276067 0.453399 0.026001 0.027190
0 0.305563 0.466508 0.019883 0.016314
0 0.279563 0.479424 0.030589 0.028550
0 0.253180 0.470587 0.020648 0.038066
0 0.247062 0.480104 0.019118 0.029909
0 0.224885 0.471267 0.029824 0.050302
0 0.375099 0.474471 0.017589 0.027190
0 0.359040 0.478550 0.020648 0.035347
0 0.445709 0.479003 0.009941 0.029909
0 0.495380 0.491401 0.045119 0.049266
0 0.548911 0.486124 0.013000 0.021752
2 0.426973 0.477190 0.032119 0.065257
0 0.197172 0.480363 0.046648 0.040785
0 0.331000 0.491647 0.057355 0.072596
0 0.405178 0.498716 0.054296 0.088369
0 0.460621 0.486480 0.022942 0.031269
