0 0.158528 0.549270 0.016182 0.010655
0 0.173811 0.549803 0.011987 0.011721
0 0.143844 0.552466 0.011987 0.010655
0 0.573152 0.516417 0.007242 0.010655
0 0.567733 0.518903 0.005993 0.005328
0 0.562639 0.518903 0.006593 0.005328
0 0.561140 0.520501 0.004795 0.006393
0 0.556346 0.522472 0.008391 0.010335
0 0.535968 0.527427 0.008391 0.013852
0 0.529974 0.529558 0.009590 0.015983
0 0.608189 0.513043 0.004195 0.008524
0 0.612385 0.516239 0.006593 0.010655
0 0.654339 0.519968 0.031765 0.043686
0 0.687004 0.529025 0.033564 0.049013
0 0.708580 0.534353 0.044352 0.051144
0 0.595303 0.511977 0.003596 0.008524
0 0.740346 0.507715 0.049147 0.029834
0 0.929290 0.574629 0.139648 0.201381
0 0.493204 0.540959 0.019779 0.026638
0 0.520175 0.532968 0.014984 0.021310
0 0.548944 0.523378 0.011388 0.012786
0 0.590898 0.515919 0.007792 0.012786
0 0.617749 0.516452 0.007792 0.013852
0 0.761892 0.543090 0.071922 0.069258
