0 0.427101 0.336480 0.006118 0.010876
0 0.421365 0.339879 0.008412 0.012236
0 0.421365 0.348716 0.008412 0.013595
0 0.414865 0.348716 0.009177 0.019033
0 0.403776 0.350076 0.017589 0.032628
0 0.435130 0.349396 0.013000 0.020393
0 0.333421 0.343278 0.017589 0.035347
0 0.349481 0.345997 0.023707 0.038066
0 0.483308 0.343278 0.006883 0.016314
0 0.487132 0.354834 0.016059 0.028550
0 0.490191 0.356193 0.014530 0.028550
0 0.496691 0.360272 0.024471 0.069335
0 0.525368 0.369109 0.062708 0.087009
0 0.385423 0.357553 0.028295 0.039426
0 0.430160 0.351435 0.010706 0.019033
0 0.460366 0.368429 0.052766 0.072054
