0 0.452971 0.381836 0.015597 0.020796
0 0.403256 0.381836 0.015597 0.017330
0 0.388634 0.388768 0.015597 0.024262
0 0.372062 0.393100 0.025345 0.032927
0 0.354515 0.400899 0.019496 0.031194
0 0.341843 0.405231 0.021446 0.032927
0 0.329170 0.407831 0.023395 0.038126
0 0.315523 0.413896 0.031194 0.043325
0 0.285791 0.414763 0.047766 0.055456
0 0.256547 0.395700 0.047766 0.027728
0 0.195134 0.411297 0.045816 0.051990
0 0.236564 0.429493 0.064337 0.064121
0 0.172714 0.434692 0.041917 0.095315
0 0.533880 0.394833 0.019496 0.053723
0 0.547040 0.392234 0.039967 0.055456
0 0.579696 0.404365 0.050690 0.079718
0 0.603091 0.413030 0.060438 0.083184
0 0.633798 0.421695 0.067262 0.093582
0 0.704471 0.431226 0.126725 0.143838
0 0.089525 0.534339 0.179050 0.471374
1 0.495375 0.373171 0.061413 0.114377
0 0.449072 0.387035 0.015597 0.024262
0 0.418365 0.391367 0.022421 0.029461
