0 0.289582 0.336692 0.012085 0.009009
0 0.274184 0.335305 0.021830 0.010395
0 0.123907 0.339464 0.015983 0.013167
0 0.338309 0.390400 0.041711 0.063758
0 0.248845 0.390747 0.034304 0.032572
0 0.410427 0.363719 0.047948 0.015939
0 0.446875 0.378273 0.006237 0.013167
0 0.457205 0.384510 0.016762 0.035344
0 0.478451 0.392480 0.037423 0.058214
0 0.307319 0.415003 0.067050 0.086627
0 0.174974 0.459009 0.173471 0.178799
0 0.401071 0.464900 0.132150 0.190580
0 0.529713 0.423665 0.080693 0.097023
0 0.847865 0.526694 0.298604 0.579364
