0 0.556453 0.441335 0.010723 0.027728
0 0.569125 0.441335 0.016572 0.038126
0 0.605681 0.458665 0.064337 0.076252
0 0.540856 0.444512 0.022421 0.029461
0 0.431190 0.429782 0.011698 0.024262
0 0.521847 0.439313 0.017547 0.039859
0 0.473594 0.473107 0.096506 0.152503
0 0.414618 0.459243 0.029244 0.034660
0 0.374001 0.460976 0.031844 0.045058
0 0.358547 0.468032 0.040576 0.045305
0 0.277333 0.489570 0.112103 0.178498
1 0.200323 0.469641 0.059463 0.048524
0 0.190088 0.480905 0.040942 0.043325
0 0.148658 0.467908 0.028269 0.020796
0 0.173028 0.524230 0.063363 0.098781
0 0.086270 0.538094 0.139398 0.175032
0 0.702154 0.473800 0.104304 0.155969
0 0.844963 0.478132 0.257349 0.268614
0 0.944394 0.587311 0.109178 0.240886
0 0.017303 0.566688 0.032169 0.192362
