2 0.375674 0.519194 0.061583 0.057862
0 0.368107 0.529394 0.034805 0.058125
0 0.342059 0.527913 0.051040 0.061088
0 0.316427 0.534082 0.083320 0.071250
0 0.227306 0.524707 0.105469 0.127500
0 0.147150 0.531269 0.103359 0.148125
0 0.577088 0.534722 0.015514 0.042530
2 0.619650 0.561269 0.084375 0.110625
0 0.700333 0.614707 0.214101 0.138750
0 0.818320 0.703613 0.360703 0.262500
0 0.059004 0.528301 0.118008 0.163125
0 0.022617 0.566738 0.045234 0.108750
0 0.522480 0.539551 0.032695 0.043125
0 0.484512 0.536738 0.032695 0.041250
