0 0.058758 0.527343 0.117515 0.159375
0 0.146519 0.532031 0.108105 0.145312
0 0.229576 0.520312 0.105469 0.131250
0 0.317246 0.529687 0.080420 0.070312
0 0.346910 0.520312 0.042187 0.056250
0 0.369322 0.525000 0.029004 0.046875
0 0.395030 0.529687 0.027686 0.046875
0 0.484019 0.535547 0.029004 0.039844
0 0.522251 0.542578 0.034277 0.044531
0 0.576304 0.541406 0.015820 0.042187
0 0.642881 0.556640 0.130517 0.110156
0 0.663975 0.570703 0.088330 0.063281
0 0.698911 0.625781 0.210937 0.150000
0 0.820859 0.704296 0.357275 0.260156
