0 0.454687 0.780937 0.016847 0.017749
0 0.439399 0.789256 0.019967 0.027732
0 0.410697 0.792584 0.019967 0.025514
0 0.395721 0.787592 0.014975 0.017749
0 0.385114 0.784819 0.014975 0.016639
0 0.368578 0.784264 0.011855 0.008874
0 0.357971 0.788147 0.009360 0.018858
0 0.347363 0.788147 0.015599 0.018858
0 0.335196 0.803677 0.021215 0.032169
0 0.351731 0.805341 0.018095 0.024404
0 0.377626 0.793139 0.024959 0.017749
0 0.366707 0.810333 0.021839 0.034388
0 0.391977 0.808669 0.026207 0.028841
0 0.428480 0.827526 0.041806 0.057683
0 0.473406 0.804786 0.023087 0.041044
0 0.539859 0.790920 0.039934 0.037716
0 0.555414 0.822535 0.044302 0.061011
0 0.586300 0.803122 0.036190 0.053246
0 0.491902 0.815616 0.038686 0.069358
0 0.398306 0.858586 0.069885 0.084306
0 0.320273 0.894013 0.131108 0.139628
0 0.169977 0.900739 0.160361 0.159737
0 0.080437 0.920706 0.024959 0.093180
0 0.703217 0.820316 0.099212 0.123131
0 0.296333 0.812320 0.055063 0.042194
