0 0.341183 0.546149 0.014825 0.013178
0 0.326358 0.546882 0.011531 0.014642
0 0.313180 0.553471 0.023061 0.036605
0 0.306591 0.563720 0.013178 0.033677
0 0.378246 0.543221 0.023061 0.010249
0 0.442900 0.552006 0.006589 0.019035
0 0.448665 0.552738 0.009883 0.017570
0 0.458960 0.565184 0.023885 0.048319
0 0.624096 0.558595 0.084833 0.070282
0 0.292384 0.564452 0.028827 0.038069
0 0.496435 0.586415 0.074949 0.120065
0 0.652922 0.629609 0.147427 0.144957
0 0.374581 0.689642 0.204257 0.284056
2 0.941229 0.661090 0.115306 0.388015
0 0.018120 0.574702 0.029650 0.045390
