0 0.524934 0.604814 0.016572 0.020796
0 0.533707 0.610013 0.012673 0.020796
0 0.542481 0.609147 0.012673 0.022529
0 0.555153 0.608280 0.008773 0.024262
0 0.571725 0.616079 0.014622 0.022529
0 0.586347 0.616945 0.024370 0.020796
0 0.622415 0.632542 0.030219 0.031194
0 0.644251 0.631675 0.025539 0.036393
0 0.731425 0.649689 0.090994 0.086284
0 0.917294 0.707061 0.161818 0.145571
0 0.496177 0.609147 0.023395 0.039859
0 0.426966 0.610880 0.017547 0.019063
0 0.409907 0.611746 0.012673 0.020796
0 0.397234 0.615212 0.018521 0.024262
0 0.381150 0.617812 0.015597 0.025995
0 0.360191 0.617812 0.022421 0.032927
0 0.334359 0.620411 0.035093 0.041592
0 0.296829 0.627343 0.038018 0.041592
0 0.233954 0.627343 0.031194 0.048524
0 0.265148 0.629076 0.035093 0.045058
0 0.197886 0.636874 0.038992 0.053723
0 0.142809 0.650738 0.069211 0.077985
0 0.052640 0.678466 0.105279 0.084917
0 0.671600 0.648255 0.040118 0.063679
