0 0.496177 0.388190 0.019496 0.025995
0 0.510312 0.388190 0.018521 0.022529
0 0.522984 0.386457 0.012673 0.029461
0 0.524934 0.389057 0.012673 0.027728
0 0.530783 0.392523 0.014622 0.038126
2 0.571237 0.401188 0.087733 0.131707
0 0.442075 0.397722 0.012673 0.017330
0 0.430865 0.397722 0.015597 0.024262
0 0.416730 0.398588 0.016572 0.025995
0 0.401621 0.401188 0.015597 0.027728
0 0.386511 0.405520 0.020471 0.036393
0 0.359217 0.413319 0.045816 0.062388
0 0.308527 0.427182 0.049715 0.065854
0 0.146709 0.483505 0.112103 0.124775
0 0.228592 0.501701 0.184239 0.185430
