0 0.480064 0.357890 0.015820 0.025781
0 0.475449 0.370781 0.011865 0.018750
0 0.463584 0.375468 0.017139 0.028125
0 0.427989 0.382500 0.009229 0.023437
0 0.392393 0.388359 0.017139 0.025781
0 0.379209 0.408281 0.019775 0.056250
0 0.367344 0.411797 0.025049 0.058594
2 0.325157 0.415312 0.067236 0.089062
0 0.291538 0.437578 0.063281 0.096094
0 0.088511 0.528984 0.134473 0.152344
0 0.553233 0.343828 0.143701 0.152344
0 0.228916 0.469218 0.096240 0.103125
0 0.446446 0.380156 0.027686 0.037500
0 0.407554 0.411797 0.044824 0.058594
0 0.027117 0.584062 0.054234 0.276562
0 0.621787 0.562968 0.386279 0.440625
