0 0.051322 0.331122 0.033695 0.042153
0 0.120583 0.331676 0.019967 0.021076
0 0.138366 0.332785 0.025583 0.025514
0 0.018251 0.338332 0.036190 0.056574
0 0.193276 0.324466 0.016847 0.031060
0 0.218546 0.326684 0.033695 0.039934
0 0.259729 0.328348 0.038686 0.047699
0 0.321814 0.332231 0.069261 0.057683
0 0.609836 0.339626 0.033695 0.074322
0 0.656634 0.359039 0.056158 0.059901
0 0.859737 0.368467 0.116683 0.100945
0 0.445835 0.427814 0.256453 0.250698
0 0.959046 0.430402 0.080492 0.115366
0 0.077385 0.332807 0.024335 0.039934
0 0.716786 0.354319 0.092084 0.107641
