0 0.406672 0.411368 0.012895 0.017830
0 0.415985 0.422831 0.014328 0.030566
0 0.428164 0.427925 0.021492 0.030566
0 0.344346 0.402453 0.011462 0.020377
0 0.347211 0.411368 0.014328 0.022925
0 0.328585 0.453397 0.017193 0.020377
0 0.280587 0.448302 0.044416 0.050943
0 0.511982 0.438114 0.060177 0.081510
0 0.567860 0.420283 0.020059 0.035660
0 0.544219 0.449576 0.073072 0.078962
0 0.478311 0.438114 0.012895 0.061132
0 0.463267 0.425378 0.011462 0.045849
0 0.449655 0.421557 0.012895 0.043302
0 0.215395 0.449576 0.008597 0.043302
0 0.208948 0.457217 0.010029 0.058585
0 0.142323 0.449151 0.011462 0.045849
3 0.061371 0.470378 0.027223 0.040755
