0 0.310858 0.440250 0.017995 0.025592
0 0.294063 0.425321 0.010797 0.017062
0 0.280867 0.425321 0.015595 0.017062
0 0.271269 0.450914 0.015595 0.051185
2 0.225683 0.412525 0.085175 0.157820
0 0.220285 0.470108 0.052784 0.076777
0 0.173498 0.479705 0.079176 0.100237
0 0.088924 0.499966 0.147556 0.157820
0 0.032165 0.539421 0.064331 0.194076
0 0.327653 0.450914 0.015595 0.055450
0 0.337850 0.456245 0.021594 0.078910
0 0.444618 0.426388 0.014396 0.040521
0 0.461413 0.447715 0.040788 0.108768
0 0.392433 0.459445 0.101970 0.174881
0 0.533991 0.457312 0.147556 0.174881
