0 0.436999 0.474199 0.017193 0.017830
0 0.425537 0.475472 0.014328 0.020377
0 0.414791 0.478019 0.018626 0.020377
0 0.398314 0.479293 0.025790 0.033113
0 0.380404 0.483114 0.021492 0.030566
0 0.356047 0.483114 0.035820 0.040755
0 0.233544 0.492878 0.025790 0.053491
0 0.269363 0.500519 0.063043 0.068774
0 0.134391 0.484385 0.049296 0.049336
0 0.117488 0.509434 0.077370 0.066226
0 0.070206 0.495850 0.057311 0.066226
0 0.022925 0.511557 0.045849 0.078962
0 0.494788 0.468680 0.037252 0.040755
0 0.938283 0.480821 0.121691 0.093906
0 0.730488 0.468687 0.049195 0.071761
