0 0.488387 0.422265 0.016381 0.029122
0 0.503598 0.417065 0.009361 0.018721
0 0.511204 0.416025 0.015211 0.016641
0 0.522319 0.417065 0.014041 0.018721
0 0.536945 0.418105 0.015211 0.020801
0 0.544551 0.434746 0.014041 0.037442
0 0.549231 0.432666 0.016381 0.041602
0 0.578483 0.433706 0.049143 0.068644
0 0.605394 0.453467 0.046803 0.074884
0 0.629966 0.459708 0.046803 0.079045
0 0.688469 0.471148 0.107646 0.135208
0 0.787340 0.484669 0.190721 0.191371
0 0.891023 0.579909 0.215556 0.282005
0 0.899214 0.404436 0.084508 0.066564
0 0.465571 0.423305 0.008190 0.022881
0 0.473176 0.427466 0.014041 0.031202
0 0.456210 0.429546 0.017551 0.031202
0 0.433979 0.453467 0.052653 0.079045
0 0.511204 0.471297 0.071374 0.102223
1 0.420523 0.416025 0.035102 0.049923
0 0.390101 0.428506 0.014041 0.024961
0 0.380156 0.430586 0.017551 0.024961
0 0.370210 0.434746 0.014041 0.029122
0 0.352659 0.433706 0.035102 0.047843
0 0.087185 0.461788 0.070467 0.049923
0 0.072427 0.464908 0.043293 0.047843
