0 0.167577 0.594196 0.039484 0.058767
0 0.198796 0.588482 0.032138 0.047340
0 0.217620 0.586034 0.031220 0.039178
0 0.238739 0.585218 0.020201 0.034281
0 0.256645 0.584401 0.021119 0.029383
0 0.517514 0.562364 0.016528 0.034281
0 0.528991 0.561548 0.024792 0.035913
0 0.543224 0.568077 0.027547 0.048972
0 0.568934 0.567261 0.020201 0.050605
0 0.598777 0.577056 0.061521 0.089782
0 0.663879 0.597869 0.095496 0.150181
0 0.753866 0.613377 0.163445 0.204051
0 0.320554 0.617866 0.125797 0.158343
0 0.885755 0.656272 0.225213 0.475030
