4 0.765738 0.497490 0.080920 0.176087
0 0.401498 0.439684 0.025012 0.017787
0 0.383489 0.444131 0.027013 0.019565
0 0.341469 0.426344 0.019009 0.012451
0 0.358477 0.448577 0.033016 0.035573
0 0.340968 0.440573 0.040020 0.037352
0 0.331964 0.447688 0.042021 0.048024
0 0.311954 0.444131 0.046023 0.044466
0 0.299948 0.461028 0.046023 0.060474
2 0.210904 0.431680 0.212105 0.154743
0 0.202900 0.469921 0.100049 0.085376
0 0.106853 0.472799 0.190094 0.136536
0 0.173386 0.477925 0.099049 0.094269
0 0.029415 0.532174 0.058829 0.142293
0 0.081940 0.498380 0.163881 0.149407
0 0.433014 0.461917 0.040020 0.065810
