0 0.749990 0.522512 0.068380 0.055450
0 0.699005 0.520379 0.040788 0.051185
0 0.541252 0.446801 0.010797 0.023460
0 0.523857 0.451066 0.011996 0.014929
0 0.471672 0.489455 0.013196 0.027725
0 0.457877 0.491587 0.009597 0.027725
0 0.418888 0.535308 0.089973 0.063981
0 0.355907 0.528910 0.023993 0.034123
0 0.332514 0.531042 0.037189 0.038389
0 0.294725 0.550237 0.071979 0.051185
0 0.566444 0.616350 0.238729 0.354028
0 0.078383 0.608530 0.156766 0.156398
0 0.105181 0.569431 0.062381 0.042654
0 0.080182 0.698459 0.160365 0.270853
0 0.878894 0.557701 0.242213 0.496919
