0 0.016742 0.415417 0.033484 0.025512
0 0.131545 0.414567 0.014350 0.017008
0 0.194328 0.414567 0.020330 0.017008
0 0.249338 0.418819 0.020330 0.012756
0 0.367131 0.423071 0.011959 0.017008
0 0.419151 0.418819 0.013155 0.017008
0 0.407790 0.430512 0.014350 0.031890
0 0.468780 0.419882 0.011959 0.010630
0 0.458017 0.418819 0.009567 0.017008
0 0.447254 0.424134 0.014350 0.023386
0 0.478945 0.428386 0.017938 0.031890
0 0.495089 0.416693 0.016742 0.012756
0 0.493893 0.423071 0.014350 0.017008
0 0.487316 0.435827 0.027505 0.034016
0 0.162040 0.437953 0.072948 0.063780
0 0.350389 0.426260 0.023917 0.023386
0 0.303152 0.426260 0.056206 0.078661
0 0.384471 0.437953 0.041855 0.063780
0 0.435295 0.435827 0.026309 0.038268
0 0.053814 0.599528 0.107628 0.350787
2 0.822039 0.393307 0.076535 0.059528
1 0.742633 0.393307 0.093278 0.068032
0 0.755190 0.426260 0.044247 0.040394
0 0.798839 0.428386 0.026309 0.031890
0 0.663108 0.407126 0.022721 0.014882
0 0.884224 0.428386 0.045443 0.048898
0 0.984079 0.417756 0.029897 0.061654
0 0.691809 0.495354 0.169813 0.167953
