0 0.025515 0.567354 0.051031 0.055670
0 0.295747 0.542268 0.032474 0.028866
0 0.260954 0.549485 0.030155 0.039175
0 0.234858 0.551546 0.017397 0.035052
0 0.211083 0.557045 0.041753 0.039175
0 0.333441 0.536426 0.038273 0.039175
0 0.381572 0.538488 0.030155 0.030928
0 0.440142 0.534021 0.028995 0.024742
0 0.472036 0.531959 0.018557 0.024742
0 0.490593 0.533333 0.020876 0.028866
0 0.507410 0.536426 0.028995 0.035052
0 0.553802 0.549828 0.080026 0.098969
0 0.684278 0.568385 0.194845 0.268041
0 0.837951 0.652921 0.316624 0.371134
