0 0.339539 0.535310 0.009177 0.018353
0 0.360187 0.531231 0.009177 0.014275
0 0.371658 0.529192 0.009177 0.010196
0 0.330936 0.534290 0.014912 0.020393
0 0.319465 0.539388 0.019501 0.026511
0 0.394600 0.531231 0.018353 0.022432
0 0.409512 0.525113 0.011471 0.022432
0 0.418115 0.530211 0.017206 0.028550
0 0.484646 0.537349 0.012618 0.018353
4 0.568384 0.550604 0.030971 0.036707
0 0.513596 0.556722 0.045884 0.069335
0 0.297943 0.546526 0.027530 0.036707
0 0.381408 0.570997 0.058502 0.081571
0 0.262111 0.566918 0.049325 0.069335
0 0.121018 0.585272 0.086032 0.101964
