0 0.504953 0.521676 0.026294 0.044875
0 0.583836 0.533830 0.013673 0.028047
0 0.603819 0.528220 0.034708 0.061704
0 0.587517 0.536635 0.010518 0.033657
0 0.480762 0.534765 0.043122 0.078532
0 0.614757 0.547853 0.038915 0.063573
0 0.634215 0.566552 0.042071 0.074792
0 0.862343 0.559072 0.089400 0.082272
0 0.878120 0.567486 0.099918 0.087881
0 0.938596 0.565617 0.122005 0.106579
0 0.954899 0.582445 0.087297 0.095360
1 0.406192 0.514571 0.122005 0.205679
0 0.712782 0.570665 0.154610 0.186981
2 0.546813 0.502043 0.068365 0.155194
0 0.476240 0.543179 0.018932 0.057964
0 0.467300 0.547853 0.024191 0.074792
