0 0.100040 0.637493 0.196911 0.289162
0 0.222378 0.523982 0.032169 0.050257
0 0.255034 0.514451 0.046791 0.062388
0 0.322783 0.507519 0.026320 0.027728
0 0.355439 0.501454 0.023395 0.029461
0 0.381759 0.490189 0.013647 0.024262
0 0.451945 0.490189 0.007798 0.020796
0 0.465105 0.495388 0.018521 0.024262
0 0.435374 0.499721 0.021446 0.036393
0 0.410029 0.491056 0.015597 0.022529
0 0.382247 0.513584 0.038018 0.050257
0 0.428550 0.508386 0.023395 0.039859
0 0.484114 0.512718 0.021446 0.048524
0 0.509946 0.519650 0.045816 0.058922
0 0.430500 0.483257 0.011698 0.013864
0 0.836855 0.606300 0.323636 0.332734
