0 0.018824 0.563180 0.036729 0.078356
0 0.184564 0.546040 0.067031 0.044075
0 0.389788 0.542775 0.025710 0.037545
0 0.441056 0.537334 0.020201 0.027751
0 0.425446 0.542231 0.025710 0.031016
0 0.085905 0.555443 0.110187 0.088150
2 0.335204 0.508920 0.103760 0.142019
0 0.464750 0.536572 0.034893 0.037545
0 0.523128 0.537645 0.020201 0.034281
0 0.543788 0.537645 0.019283 0.021221
0 0.559398 0.536012 0.010101 0.014692
0 0.574549 0.535196 0.012855 0.016324
0 0.584649 0.531115 0.009182 0.014692
0 0.608982 0.531115 0.008264 0.014692
0 0.618624 0.534380 0.011019 0.021221
0 0.624592 0.540910 0.017446 0.024486
0 0.640202 0.544991 0.017446 0.029383
0 0.660039 0.544004 0.012855 0.024486
0 0.687586 0.547269 0.023874 0.044075
0 0.706869 0.561961 0.029383 0.044075
0 0.905165 0.569752 0.046830 0.088150
0 0.923604 0.621131 0.078049 0.145284
0 0.969515 0.729686 0.059685 0.391778
0 0.596715 0.549305 0.026629 0.037545
2 0.801939 0.576239 0.172627 0.208948
