0 0.821598 0.678351 0.083505 0.086598
0 0.927719 0.691340 0.142655 0.208247
0 0.944536 0.824330 0.109021 0.346392
0 0.143814 0.792096 0.287629 0.315464
0 0.658183 0.675601 0.054510 0.078351
0 0.690271 0.674571 0.017397 0.051546
0 0.563660 0.680756 0.037113 0.051546
0 0.519588 0.677526 0.018557 0.032990
0 0.588016 0.670309 0.016237 0.022680
0 0.546263 0.667629 0.013918 0.020619
2 0.478995 0.656289 0.053351 0.121650
0 0.405580 0.689897 0.042912 0.070103
0 0.434575 0.679588 0.022036 0.032990
0 0.452552 0.677526 0.011598 0.024742
