0 0.529079 0.509631 0.010531 0.020801
0 0.517378 0.532512 0.012871 0.020801
0 0.512113 0.549153 0.009361 0.016641
0 0.509773 0.555393 0.009361 0.020801
0 0.504507 0.565794 0.010531 0.016641
0 0.498072 0.589715 0.009361 0.027042
0 0.535514 0.594916 0.014041 0.029122
0 0.264643 0.553313 0.029252 0.074884
0 0.323732 0.517951 0.109987 0.153929
0 0.432548 0.542913 0.126368 0.128968
0 0.512698 0.586595 0.033932 0.041602
0 0.580562 0.566834 0.062014 0.093606
0 0.539025 0.515871 0.011701 0.016641
0 0.991257 0.658359 0.015211 0.081125
