0 0.052916 0.525468 0.026367 0.042187
0 0.237486 0.493828 0.018457 0.025781
0 0.654746 0.496172 0.030322 0.035156
0 0.720664 0.499687 0.048779 0.060937
0 0.746372 0.500859 0.060644 0.077344
0 0.768784 0.499687 0.060644 0.075000
0 0.795811 0.502031 0.046143 0.075000
0 0.826792 0.506718 0.079102 0.084375
0 0.870298 0.512578 0.110742 0.082031
0 0.709458 0.493828 0.105469 0.058594
0 0.934897 0.512578 0.123926 0.100781
0 0.964560 0.521953 0.069873 0.105469
2 0.619810 0.483281 0.029004 0.037500
2 0.511704 0.502031 0.063281 0.037500
2 0.417442 0.538359 0.083057 0.147656
0 0.362730 0.498515 0.021094 0.025781
0 0.257261 0.502031 0.015820 0.032812
0 0.174864 0.534843 0.051416 0.056250
