0 0.129897 0.610309 0.046392 0.082474
0 0.245876 0.604124 0.018557 0.024742
0 0.343995 0.611340 0.011598 0.022680
0 0.399665 0.611340 0.011598 0.022680
0 0.407784 0.613402 0.013918 0.026804
0 0.422281 0.615464 0.015077 0.030928
0 0.438402 0.622681 0.030155 0.032990
0 0.458467 0.625773 0.020180 0.035052
0 0.731250 0.637887 0.032474 0.038660
0 0.711302 0.629897 0.019716 0.035052
0 0.781353 0.681443 0.110180 0.121650
0 0.219201 0.613815 0.039433 0.051546
0 0.193106 0.612577 0.022036 0.028454
0 0.355825 0.614845 0.023196 0.032990
0 0.370322 0.610722 0.010438 0.020619
0 0.502655 0.690103 0.127577 0.179381
0 0.658855 0.638790 0.075339 0.052013
0 0.620606 0.642681 0.012758 0.022680
0 0.600889 0.631340 0.012758 0.016495
0 0.168250 0.615030 0.029995 0.038308
0 0.064369 0.637371 0.128737 0.287113
0 0.902664 0.672449 0.190723 0.177551
0 0.616720 0.624227 0.009278 0.012371
