0 0.180489 0.409269 0.010005 0.019565
0 0.172485 0.408380 0.010005 0.017787
0 0.160479 0.403933 0.020010 0.023123
0 0.138468 0.399486 0.034017 0.042688
0 0.087943 0.404822 0.073036 0.092490
0 0.208503 0.411937 0.012006 0.014229
0 0.193496 0.403044 0.020010 0.032016
0 0.222510 0.403044 0.014007 0.024901
0 0.237017 0.402154 0.025012 0.048024
0 0.276537 0.407490 0.018009 0.030237
0 0.302049 0.408380 0.015007 0.028459
0 0.252025 0.410158 0.045022 0.060474
0 0.423109 0.408380 0.031015 0.035573
0 0.464129 0.434170 0.081040 0.087154
0 0.535164 0.437727 0.113056 0.133399
0 0.640717 0.440395 0.184091 0.199210
0 0.362079 0.440395 0.137068 0.156522
