0 0.133376 0.564949 0.046392 0.049485
0 0.275683 0.550516 0.031314 0.061856
0 0.391662 0.556701 0.010438 0.028866
0 0.442693 0.558763 0.017397 0.032990
0 0.446173 0.562887 0.012758 0.032990
0 0.462990 0.563918 0.027835 0.051546
0 0.467049 0.570103 0.035954 0.043299
0 0.495464 0.581443 0.046392 0.086598
0 0.528518 0.592784 0.052191 0.113402
0 0.546495 0.600000 0.055670 0.123711
0 0.625941 0.610309 0.147294 0.193814
0 0.812711 0.653196 0.371134 0.437113
0 0.940676 0.864507 0.114820 0.268041
0 0.049871 0.565979 0.083505 0.080412
0 0.213286 0.591753 0.144974 0.181443
0 0.417758 0.561856 0.041753 0.063918
0 0.376585 0.557732 0.028995 0.051546
2 0.310593 0.538144 0.025515 0.053608
2 0.356985 0.537113 0.020876 0.043299
2 0.333789 0.536083 0.034794 0.065979
