0 0.222361 0.339200 0.039212 0.083312
0 0.465954 0.352972 0.043994 0.074811
0 0.331007 0.344301 0.010520 0.018703
0 0.342484 0.343621 0.012433 0.027544
0 0.359221 0.328149 0.007651 0.010202
0 0.354439 0.351102 0.017215 0.042506
0 0.373567 0.320498 0.021041 0.011902
0 0.800377 0.532684 0.397150 0.570595
0 0.321348 0.631768 0.009564 0.003401
0 0.052110 0.424917 0.102308 0.329557
0 0.171194 0.365044 0.068860 0.073111
0 0.279267 0.367935 0.104821 0.143501
0 0.406754 0.424553 0.148241 0.212532
0 0.556525 0.377286 0.108455 0.155403
0 0.499906 0.341921 0.025823 0.059509
