0 0.104586 0.519968 0.014984 0.013852
0 0.091101 0.523698 0.011987 0.012786
0 0.073121 0.516772 0.009590 0.009590
0 0.081212 0.524230 0.010189 0.011721
0 0.105785 0.533820 0.018580 0.020245
0 0.099492 0.542344 0.021577 0.022376
0 0.101889 0.537017 0.014384 0.013852
0 0.083909 0.540746 0.019179 0.017048
0 0.113577 0.560991 0.034163 0.042620
0 0.291284 0.559925 0.012586 0.021310
0 0.299075 0.557794 0.010189 0.014917
0 0.311961 0.558327 0.021577 0.033031
0 0.322450 0.561523 0.010189 0.030900
0 0.354215 0.556196 0.006593 0.026638
0 0.376391 0.570047 0.031765 0.043686
0 0.467492 0.572178 0.052143 0.064996
0 0.067127 0.562269 0.047948 0.052210
0 0.200183 0.598496 0.179805 0.226953
0 0.528805 0.595833 0.079713 0.102289
0 0.406838 0.585178 0.051544 0.074586
0 0.338512 0.570260 0.035961 0.055406
