0 0.893720 0.559325 0.020668 0.057157
0 0.864631 0.547077 0.072722 0.057157
0 0.842049 0.573614 0.053585 0.063962
0 0.803391 0.546396 0.071191 0.050353
0 0.730133 0.566129 0.105639 0.076210
0 0.664300 0.568851 0.047461 0.048992
0 0.686500 0.570212 0.059709 0.054435
0 0.643249 0.561366 0.066598 0.055796
0 0.608036 0.563407 0.040571 0.038105
0 0.603060 0.556603 0.056647 0.040827
0 0.584688 0.548438 0.052054 0.027218
0 0.559427 0.549118 0.032151 0.020413
0 0.385199 0.552520 0.006124 0.008165
0 0.371420 0.549798 0.009186 0.016331
0 0.379841 0.545716 0.007655 0.008165
0 0.443224 0.551159 0.009186 0.016331
0 0.446669 0.549798 0.008420 0.019052
0 0.448582 0.551159 0.006124 0.019052
0 0.452410 0.552520 0.009186 0.021774
0 0.461213 0.555922 0.011482 0.025857
0 0.471930 0.555242 0.011482 0.035383
0 0.479585 0.557964 0.020668 0.032661
0 0.484178 0.562046 0.020668 0.032661
0 0.496043 0.564088 0.022965 0.042188
0 0.514415 0.563407 0.035213 0.051714
0 0.517095 0.572934 0.025261 0.046270
0 0.529343 0.578377 0.031385 0.048992
0 0.308879 0.569531 0.032916 0.058518
0 0.304286 0.542994 0.037509 0.032661
0 0.280173 0.572253 0.045930 0.080292
0 0.230798 0.580418 0.081908 0.104788
1 0.128221 0.553541 0.195202 0.197329
0 0.017364 0.595737 0.034728 0.110250
0 0.432354 0.553201 0.012248 0.014970
0 0.421637 0.548438 0.010717 0.016331
0 0.391017 0.549798 0.010717 0.013609
0 0.378208 0.552563 0.012656 0.013694
