0 0.451440 0.464528 0.016742 0.029764
0 0.378791 0.465591 0.020928 0.044646
0 0.353976 0.468780 0.033484 0.055276
0 0.333049 0.469843 0.034680 0.074409
0 0.302554 0.477284 0.062185 0.085039
0 0.258905 0.486851 0.058597 0.108425
0 0.177670 0.505302 0.135300 0.166587
0 0.477749 0.453898 0.027505 0.042520
0 0.501666 0.461339 0.032288 0.053150
0 0.523790 0.467717 0.043051 0.082913
0 0.564449 0.474095 0.062185 0.121181
0 0.622448 0.492165 0.113607 0.204095
0 0.414368 0.458150 0.050226 0.059528
0 0.055010 0.553819 0.110020 0.221102
0 0.794670 0.518645 0.332485 0.337840
