0 0.144005 0.516793 0.089303 0.085241
0 0.010995 0.510921 0.013480 0.062842
0 0.008852 0.540478 0.016782 0.115563
0 0.377002 0.544496 0.099492 0.076717
0 0.445328 0.554618 0.098293 0.084175
0 0.499569 0.563142 0.112078 0.092699
0 0.588273 0.531177 0.067726 0.045817
0 0.583777 0.571666 0.040756 0.045817
0 0.627530 0.527448 0.035961 0.031965
0 0.663791 0.526382 0.020977 0.019179
0 0.993732 0.554086 0.009590 0.017048
0 0.983843 0.556749 0.017381 0.022376
0 0.965862 0.556217 0.042554 0.031965
0 0.919113 0.562610 0.037759 0.053275
0 0.890344 0.566872 0.048547 0.055406
0 0.685217 0.684610 0.290684 0.314325
