0 0.114540 0.561489 0.229080 0.443646
0 0.220794 0.402054 0.077010 0.083184
0 0.298779 0.360462 0.053614 0.055456
0 0.325586 0.350064 0.025345 0.048524
0 0.344107 0.343132 0.009748 0.027728
0 0.350931 0.332734 0.027295 0.041592
0 0.386511 0.336200 0.038018 0.048524
0 0.440613 0.318004 0.027295 0.032927
0 0.599639 0.420250 0.128409 0.181964
0 0.532245 0.371727 0.056539 0.074519
0 0.516648 0.343999 0.038992 0.057189
0 0.507387 0.336200 0.043866 0.076252
0 0.484480 0.330135 0.013647 0.046791
0 0.478631 0.320603 0.009748 0.038126
0 0.472294 0.318004 0.010723 0.019063
0 0.469857 0.311939 0.013647 0.034660
0 0.459134 0.315404 0.009748 0.020796
0 0.406982 0.305007 0.012673 0.020796
