0 0.465074 0.420853 0.014396 0.012796
0 0.448879 0.418720 0.013196 0.017062
0 0.435683 0.424052 0.010797 0.010664
0 0.416489 0.422985 0.022793 0.025592
0 0.373302 0.419786 0.020394 0.023460
0 0.357706 0.428317 0.029991 0.027725
0 0.310920 0.426185 0.034790 0.031990
0 0.268933 0.435782 0.051585 0.055450
0 0.125133 0.436136 0.067829 0.064689
2 0.553848 0.415521 0.016795 0.031990
0 0.535254 0.417654 0.017995 0.031990
0 0.597635 0.418720 0.010797 0.017062
0 0.616829 0.421919 0.013196 0.019194
0 0.572443 0.422985 0.037189 0.059716
