0 0.514538 0.474788 0.008776 0.019761
0 0.509565 0.476348 0.009361 0.018721
0 0.501960 0.476348 0.010531 0.016641
0 0.488504 0.475828 0.018721 0.028082
0 0.474463 0.478428 0.010531 0.029122
0 0.466858 0.478428 0.011701 0.035362
0 0.460422 0.480508 0.014041 0.035362
0 0.441701 0.477908 0.029252 0.050963
0 0.430878 0.481549 0.031007 0.049923
0 0.418885 0.487269 0.022231 0.055123
0 0.398116 0.482589 0.033347 0.076965
0 0.370619 0.486229 0.042708 0.094646
0 0.174048 0.504083 0.146844 0.191371
0 0.057041 0.506998 0.114082 0.284977
2 0.284510 0.437940 0.151305 0.245900
0 0.542035 0.478428 0.019306 0.024961
