0 0.500564 0.427182 0.020471 0.025995
0 0.516161 0.426316 0.016572 0.020796
0 0.532245 0.430648 0.015597 0.019063
0 0.559540 0.428049 0.023395 0.024262
0 0.427941 0.421983 0.013647 0.019063
0 0.444025 0.432381 0.020471 0.029461
0 0.474731 0.436714 0.040942 0.062388
0 0.388948 0.443646 0.076035 0.114377
0 0.285131 0.424583 0.055564 0.079718
0 0.239803 0.423716 0.038992 0.050257
0 0.319737 0.408986 0.019496 0.045058
0 0.331922 0.427182 0.026320 0.036393
0 0.351418 0.414185 0.014622 0.031194
0 0.626801 0.462709 0.142322 0.180231
0 0.741829 0.499102 0.193012 0.270347
0 0.865947 0.639269 0.066922 0.083594
