0 0.189000 0.528375 0.052734 0.041250
0 0.236461 0.518062 0.075937 0.054375
0 0.275484 0.511500 0.010547 0.015000
0 0.300269 0.524625 0.060117 0.033750
0 0.345621 0.525562 0.045352 0.028125
0 0.455308 0.518062 0.017930 0.016875
0 0.470074 0.518062 0.015820 0.020625
0 0.481676 0.518062 0.007383 0.016875
0 0.534937 0.517125 0.006328 0.015000
0 0.526816 0.522375 0.015820 0.018000
0 0.559722 0.521812 0.011602 0.013125
0 0.568371 0.521625 0.009492 0.018750
0 0.590308 0.521812 0.009492 0.020625
0 0.600750 0.536812 0.009703 0.009375
0 0.045879 0.453375 0.091758 0.048750
0 0.516797 0.516375 0.006328 0.015000
0 0.600012 0.521625 0.007383 0.018750
1 0.440226 0.507562 0.027422 0.039375
2 0.080684 0.510562 0.159258 0.110625
0 0.398144 0.545156 0.075937 0.088125
0 0.615832 0.528562 0.022148 0.035625
0 0.579972 0.526687 0.015820 0.028125
0 0.545695 0.532312 0.025312 0.039375
0 0.510890 0.529500 0.023203 0.026250
0 0.702844 0.565125 0.069609 0.086250
