0 0.161894 0.450625 0.020039 0.030000
0 0.277383 0.445937 0.006328 0.016875
0 0.299531 0.441250 0.008437 0.018750
0 0.267891 0.445937 0.012656 0.020625
0 0.473555 0.443973 0.029531 0.050625
0 0.571113 0.445848 0.017930 0.020625
0 0.586406 0.437411 0.016875 0.015000
0 0.245742 0.448661 0.008437 0.015000
0 0.363340 0.487500 0.102305 0.138750
0 0.525762 0.495937 0.106523 0.163125
0 0.630703 0.463125 0.059062 0.071250
0 0.866425 0.516562 0.264726 0.264375
0 0.255234 0.450000 0.012656 0.018750
1 0.961648 0.431515 0.071161 0.055456
