2 0.417943 0.320668 0.021041 0.046247
0 0.950080 0.304345 0.095639 0.119018
0 0.890688 0.307236 0.054514 0.049307
0 0.816281 0.313697 0.054514 0.059509
0 0.728771 0.338350 0.105203 0.085013
0 0.663839 0.331473 0.036138 0.051160
0 0.275441 0.355353 0.013389 0.020403
0 0.290743 0.352377 0.019128 0.023804
0 0.307958 0.348127 0.019128 0.025504
0 0.324217 0.343876 0.015302 0.017003
0 0.342388 0.341326 0.017215 0.018703
0 0.365342 0.336225 0.013389 0.011902
0 0.380166 0.335375 0.010520 0.010202
0 0.394034 0.331974 0.015302 0.010202
0 0.453330 0.327724 0.021041 0.015302
0 0.501150 0.355353 0.038256 0.047607
2 0.218057 0.343281 0.087988 0.079912
