0 0.323262 0.388125 0.007383 0.016875
0 0.315351 0.384375 0.010547 0.024375
0 0.309023 0.387187 0.012656 0.026250
0 0.296894 0.385312 0.017930 0.033750
0 0.287930 0.389062 0.018984 0.033750
0 0.271582 0.385312 0.017930 0.052500
0 0.367031 0.396562 0.010547 0.030000
0 0.375469 0.401250 0.021094 0.028125
0 0.382851 0.408750 0.016875 0.024375
0 0.396562 0.415312 0.029531 0.052500
2 0.436640 0.420000 0.078047 0.121875
0 0.467226 0.454687 0.099141 0.135000
2 0.210028 0.359437 0.107578 0.118125
2 0.163622 0.367875 0.162422 0.127500
0 0.084520 0.375375 0.105469 0.138750
0 0.334481 0.389437 0.014766 0.020625
0 0.029531 0.373125 0.059062 0.191250
2 0.747656 0.466426 0.502031 0.796875
0 0.361230 0.396250 0.009492 0.011250
