0 0.611649 0.570036 0.076431 0.101209
0 0.317466 0.539837 0.025710 0.024486
0 0.357868 0.540653 0.047748 0.032648
0 0.375314 0.557793 0.071622 0.070193
0 0.898154 0.537388 0.077131 0.062031
0 0.832960 0.545550 0.060603 0.055502
0 0.789344 0.539837 0.054175 0.040810
0 0.792558 0.579831 0.146917 0.097944
0 0.698898 0.582279 0.089986 0.106106
2 0.476853 0.574649 0.202929 0.163241
1 0.197252 0.520779 0.187319 0.228537
0 0.089819 0.541184 0.031220 0.034281
0 0.983670 0.534658 0.031220 0.078356
0 0.951532 0.538739 0.060603 0.053869
0 0.959337 0.686472 0.079886 0.179565
