0 0.330690 0.826407 0.094239 0.080126
0 0.450196 0.772990 0.027316 0.046133
0 0.437904 0.765706 0.019121 0.031565
0 0.476146 0.759636 0.019121 0.029137
0 0.495267 0.760850 0.019121 0.021853
0 0.696037 0.833692 0.128384 0.167536
0 0.529412 0.803341 0.065558 0.097122
0 0.590872 0.776632 0.040974 0.053417
2 0.531460 0.744721 0.025950 0.019424
2 0.555362 0.745935 0.016389 0.021853
2 0.579263 0.744721 0.015024 0.019424
0 0.749303 0.785130 0.079215 0.104407
0 0.612725 0.757208 0.019121 0.053417
0 0.405808 0.776285 0.025950 0.029137
