0 0.620988 0.526001 0.016373 0.026335
0 0.585904 0.514913 0.014813 0.026335
0 0.569531 0.526694 0.022610 0.038809
0 0.552769 0.539168 0.018711 0.027721
0 0.526651 0.550256 0.035084 0.047125
0 0.634631 0.523229 0.012474 0.023563
0 0.645157 0.528080 0.008576 0.022177
0 0.656851 0.534317 0.014813 0.029107
0 0.669326 0.550949 0.016373 0.040195
0 0.689596 0.553029 0.033525 0.058214
0 0.713376 0.561345 0.046779 0.074846
0 0.747290 0.571047 0.067829 0.097023
0 0.778476 0.587679 0.078744 0.099795
0 0.878271 0.591838 0.172302 0.196817
0 0.939083 0.668070 0.117726 0.252259
0 0.504041 0.535010 0.011695 0.033265
0 0.488058 0.541940 0.017152 0.038809
0 0.477143 0.547484 0.017152 0.041581
0 0.454923 0.542633 0.036643 0.067916
0 0.430754 0.550256 0.019491 0.069302
0 0.366433 0.564810 0.106032 0.123357
2 0.120845 0.532238 0.238572 0.205133
0 0.157827 0.595273 0.262842 0.223211
