2 0.172793 0.452427 0.042123 0.035362
0 0.390426 0.444107 0.011701 0.014561
0 0.412657 0.448267 0.009361 0.014561
0 0.428453 0.448267 0.012871 0.010401
0 0.505092 0.444107 0.009361 0.014561
0 0.537269 0.440986 0.008190 0.016641
0 0.543705 0.445147 0.009361 0.016641
0 0.526739 0.444107 0.008190 0.018721
0 0.533174 0.449307 0.014041 0.016641
0 0.495147 0.445147 0.010531 0.020801
0 0.486956 0.440986 0.010531 0.016641
0 0.879515 0.411865 0.018721 0.012481
0 0.863134 0.411865 0.014041 0.016641
0 0.840318 0.410825 0.012871 0.010401
0 0.821011 0.413945 0.018721 0.012481
0 0.787079 0.416025 0.011701 0.008321
0 0.774209 0.417065 0.009361 0.010401
0 0.762508 0.418105 0.014041 0.008320
0 0.750222 0.418105 0.010531 0.012481
0 0.735011 0.417065 0.019891 0.010401
0 0.230126 0.454507 0.035102 0.027042
0 0.208480 0.462828 0.012871 0.014561
0 0.189759 0.460748 0.026912 0.018721
0 0.372290 0.452427 0.015211 0.014561
0 0.516208 0.454507 0.017551 0.027042
0 0.485786 0.453467 0.015211 0.016641
0 0.554820 0.446187 0.015211 0.022881
0 0.572957 0.445147 0.014041 0.020801
2 0.622685 0.447227 0.024571 0.037442
0 0.661882 0.458668 0.056163 0.064484
0 0.403296 0.446187 0.011701 0.018721
0 0.326072 0.504430 0.124027 0.135208
0 0.074507 0.452427 0.025742 0.018721
