0 0.437459 0.662296 0.011193 0.013776
0 0.454678 0.665357 0.007749 0.019898
0 0.469745 0.664592 0.022385 0.033673
0 0.404311 0.673011 0.008265 0.026020
0 0.491442 0.676072 0.029273 0.044388
0 0.509091 0.683725 0.031856 0.065816
0 0.356872 0.672245 0.034267 0.048980
0 0.316579 0.696735 0.068017 0.097959
0 0.262165 0.711582 0.055963 0.127041
0 0.570285 0.676340 0.098796 0.149617
0 0.169924 0.751055 0.171098 0.222517
0 0.046062 0.784439 0.090402 0.295408
0 0.387867 0.673087 0.025829 0.036735
0 0.422865 0.666544 0.016617 0.014464
0 0.449168 0.660766 0.006027 0.013776
