0 0.590021 0.582029 0.008597 0.033113
0 0.602199 0.583302 0.012895 0.035660
0 0.615094 0.587633 0.015761 0.033113
0 0.629422 0.592727 0.015761 0.033113
0 0.643750 0.591453 0.024357 0.045849
0 0.651630 0.592727 0.020059 0.053491
0 0.672406 0.590944 0.027223 0.071321
2 0.544171 0.574387 0.014328 0.038208
2 0.514799 0.568019 0.012895 0.015283
2 0.513367 0.582029 0.012895 0.017830
0 0.499039 0.579482 0.012895 0.017830
0 0.528411 0.569293 0.008597 0.022925
2 0.468664 0.550189 0.045563 0.152830
2 0.735162 0.541274 0.118921 0.201227
0 0.751925 0.594765 0.094564 0.135000
0 0.892195 0.580755 0.213485 0.275095
0 0.995355 0.714482 0.007164 0.109528
0 0.267931 0.601133 0.054446 0.106981
0 0.032954 0.531934 0.065908 0.092547
0 0.141129 0.666935 0.282259 0.316698
2 0.364499 0.544645 0.162766 0.270899
0 0.568405 0.586051 0.046278 0.071053
