2 0.682432 0.440625 0.011865 0.028125
2 0.654087 0.437109 0.036914 0.058594
0 0.644199 0.464062 0.027686 0.042187
0 0.620469 0.461718 0.022412 0.046875
0 0.613877 0.471093 0.017139 0.042187
0 0.609263 0.471093 0.021094 0.042187
0 0.590147 0.475781 0.030322 0.051562
0 0.563120 0.482812 0.029004 0.065625
0 0.540049 0.487500 0.035596 0.084375
0 0.506431 0.495703 0.050098 0.086719
0 0.474131 0.517968 0.069873 0.098437
0 0.385142 0.549609 0.142383 0.147656
0 0.702278 0.480468 0.057990 0.079687
0 0.733848 0.451172 0.014502 0.039844
0 0.773399 0.453515 0.030322 0.063281
0 0.797129 0.450000 0.030322 0.084375
0 0.849863 0.450000 0.088330 0.159375
0 0.919077 0.479297 0.160840 0.189844
