1 0.783258 0.424583 0.034118 0.072786
0 0.796418 0.441046 0.031194 0.053723
0 0.796418 0.457510 0.021446 0.065854
0 0.818839 0.451444 0.035093 0.091849
0 0.863680 0.470507 0.109178 0.150770
0 0.735980 0.447978 0.044841 0.046791
0 0.692114 0.448845 0.023395 0.031194
0 0.647272 0.460109 0.033143 0.064121
0 0.669693 0.478306 0.040942 0.065854
0 0.586834 0.502568 0.050690 0.083184
0 0.533220 0.506034 0.076035 0.117843
0 0.460109 0.538094 0.140372 0.150770
0 0.251988 0.610013 0.271971 0.228755
0 0.065312 0.689731 0.130624 0.277279
0 0.722333 0.490437 0.081884 0.114377
0 0.945564 0.489570 0.107229 0.237420
