0 0.280191 0.422576 0.021035 0.041136
0 0.453837 0.380506 0.009466 0.009349
0 0.444897 0.387985 0.010518 0.016828
0 0.434380 0.384245 0.010518 0.016828
0 0.427543 0.396399 0.011569 0.022438
0 0.581627 0.402009 0.027346 0.018698
0 0.611602 0.400139 0.028398 0.022438
0 0.637370 0.406683 0.023139 0.020568
0 0.712046 0.399204 0.037864 0.035526
0 0.759375 0.402009 0.039967 0.033657
0 0.662087 0.406683 0.015776 0.028047
0 0.838784 0.398269 0.072572 0.052355
0 0.790297 0.405748 0.035760 0.037396
0 0.683543 0.406683 0.022087 0.031787
0 0.947379 0.389855 0.102021 0.091621
0 0.412292 0.413227 0.027346 0.033657
0 0.188667 0.500765 0.219569 0.212471
