0 0.442002 0.425951 0.010926 0.014568
2 0.429710 0.424737 0.016389 0.031565
0 0.410128 0.428379 0.010006 0.019424
1 0.523266 0.422309 0.050534 0.084982
0 0.682380 0.450232 0.087410 0.106835
0 0.750669 0.462372 0.122921 0.116547
2 0.898856 0.481796 0.198039 0.218525
0 0.454294 0.427165 0.010926 0.016996
0 0.463171 0.427165 0.015024 0.021853
0 0.292448 0.435663 0.020487 0.029137
0 0.271962 0.436877 0.025950 0.026709
0 0.252841 0.440519 0.017755 0.019424
0 0.237817 0.439305 0.020487 0.031565
0 0.218696 0.447804 0.036876 0.048561
0 0.185234 0.442947 0.043705 0.053417
0 0.136749 0.458730 0.072387 0.070414
0 0.025438 0.469656 0.049168 0.072842
0 0.308155 0.434449 0.021853 0.021853
0 0.327276 0.432021 0.021853 0.021853
0 0.341617 0.432021 0.017755 0.021853
