0 0.276449 0.500642 0.057355 0.061178
0 0.197300 0.506760 0.135357 0.106042
0 0.429586 0.471072 0.037854 0.071375
0 0.457116 0.460876 0.019501 0.030589
0 0.548425 0.475967 0.014912 0.053021
0 0.566778 0.479026 0.028677 0.071375
0 0.594882 0.483104 0.066531 0.099924
0 0.647075 0.507576 0.088326 0.152946
0 0.769699 0.533707 0.259243 0.309970
0 0.911938 0.640332 0.173211 0.448640
0 0.521162 0.457817 0.025236 0.030589
0 0.364051 0.496903 0.111569 0.167221
0 0.073837 0.540408 0.147674 0.187613
0 0.488661 0.454350 0.013765 0.024471
