0 0.364612 0.517625 0.075727 0.091621
0 0.405631 0.496122 0.056795 0.082272
0 0.444021 0.488643 0.041019 0.074792
0 0.469263 0.484903 0.026294 0.059834
0 0.485040 0.484903 0.019984 0.052355
0 0.500290 0.478359 0.018932 0.043006
0 0.518170 0.478359 0.016828 0.039266
0 0.532369 0.475554 0.007362 0.033657
0 0.273109 0.537258 0.136730 0.130886
0 0.599172 0.527992 0.152506 0.213158
0 0.659649 0.453200 0.014725 0.048615
0 0.675425 0.473003 0.025242 0.054224
0 0.689098 0.482352 0.033657 0.061704
0 0.721177 0.495440 0.041019 0.084141
0 0.775869 0.503855 0.104125 0.115928
