0 0.325771 0.491797 0.094746 0.093577
0 0.385075 0.468091 0.074393 0.091081
0 0.453854 0.462269 0.044917 0.056146
0 0.481225 0.465388 0.016844 0.042421
0 0.688615 0.452911 0.027371 0.037431
0 0.666858 0.446673 0.017546 0.029945
0 0.541933 0.451040 0.016142 0.023706
2 0.579130 0.442930 0.028775 0.054898
0 0.596325 0.449168 0.011229 0.024954
2 0.552812 0.442930 0.025266 0.032440
0 0.617730 0.446049 0.016142 0.026201
0 0.607554 0.441682 0.008422 0.024954
1 0.642762 0.436067 0.023160 0.046164
0 0.628960 0.443138 0.009124 0.023706
0 0.710020 0.454991 0.014037 0.044917
0 0.726513 0.454991 0.042811 0.054898
