0 0.681811 0.440625 0.025049 0.037500
0 0.675878 0.445312 0.026367 0.028125
0 0.653466 0.452343 0.007910 0.023437
0 0.648852 0.454687 0.011865 0.028125
0 0.652807 0.434765 0.022412 0.016406
0 0.634350 0.461718 0.022412 0.046875
0 0.719384 0.433593 0.007910 0.018750
0 0.730590 0.434765 0.017139 0.035156
0 0.746411 0.432422 0.025049 0.049219
0 0.524267 0.493359 0.079102 0.072656
0 0.856933 0.475781 0.065918 0.103125
0 0.908349 0.476953 0.110742 0.152344
0 0.295971 0.523828 0.109424 0.063281
0 0.216870 0.527343 0.038232 0.028125
0 0.187866 0.536718 0.075146 0.056250
2 0.333726 0.490312 0.102832 0.060937
0 0.427329 0.528984 0.147656 0.171094
0 0.612559 0.470390 0.040869 0.067969
0 0.768125 0.445781 0.043506 0.075000
0 0.671226 0.466875 0.034277 0.051562
0 0.095012 0.618046 0.190025 0.311719
0 0.959946 0.497343 0.079102 0.253125
