0 0.477168 0.503434 0.073111 0.105712
0 0.341670 0.484371 0.043866 0.053723
0 0.386999 0.478306 0.027295 0.034660
0 0.024858 0.477439 0.049715 0.077985
0 0.051177 0.484371 0.020471 0.064121
0 0.097481 0.480905 0.050690 0.043325
0 0.140372 0.483505 0.035093 0.024262
0 0.175953 0.475706 0.036068 0.025995
0 0.215920 0.480039 0.045816 0.031194
0 0.251500 0.481772 0.038992 0.024262
0 0.273434 0.475706 0.014622 0.022529
2 0.295692 0.466464 0.033793 0.025995
0 0.313644 0.479172 0.020471 0.024262
0 0.441832 0.475706 0.013647 0.024262
0 0.373108 0.471374 0.012673 0.015597
0 0.402839 0.467041 0.009748 0.013864
0 0.410638 0.463575 0.007798 0.013864
0 0.414050 0.467041 0.008773 0.010398
0 0.420873 0.464442 0.010723 0.012131
0 0.431596 0.462709 0.010723 0.015597
0 0.412100 0.415052 0.022421 0.013864
0 0.156213 0.427182 0.007798 0.010398
0 0.166448 0.423716 0.012673 0.020796
0 0.209340 0.418518 0.012673 0.010398
0 0.223962 0.420250 0.014622 0.013864
