0 0.310403 0.468676 0.022011 0.035573
0 0.096047 0.438439 0.032016 0.023123
0 0.068034 0.449111 0.030015 0.044466
0 0.029515 0.450889 0.039019 0.048024
0 0.010005 0.456225 0.020010 0.076482
0 0.124061 0.454447 0.088043 0.058696
0 0.193095 0.458004 0.124061 0.080040
0 0.639983 0.458893 0.176087 0.128063
0 0.754039 0.454447 0.024012 0.026680
0 0.719522 0.449111 0.025012 0.023123
0 0.836541 0.599407 0.326917 0.533597
0 0.437466 0.622530 0.317157 0.437550
3 0.448347 0.513524 0.409202 0.430435
3 0.414330 0.638030 0.339168 0.441107
