0 0.693638 0.402422 0.021094 0.034219
0 0.716709 0.416015 0.025049 0.030469
0 0.731211 0.424218 0.032959 0.042187
0 0.749668 0.424218 0.040869 0.070312
0 0.828110 0.418359 0.129199 0.147656
0 0.957310 0.482812 0.081738 0.210937
0 0.602012 0.425390 0.025049 0.039844
0 0.559165 0.410156 0.047461 0.079687
0 0.522910 0.430078 0.019775 0.063281
0 0.484678 0.438281 0.048779 0.065625
0 0.440513 0.452343 0.047461 0.079687
0 0.375913 0.464062 0.097559 0.093750
0 0.153111 0.523828 0.224121 0.203906
0 0.021844 0.556640 0.043687 0.274219
