0 0.481893 0.663538 0.025790 0.028019
0 0.461118 0.658869 0.024357 0.030566
0 0.317839 0.679246 0.058744 0.050943
0 0.248349 0.683067 0.057311 0.053491
0 0.194620 0.688161 0.061610 0.058585
0 0.134443 0.713208 0.078803 0.091698
0 0.507683 0.654623 0.008597 0.025472
0 0.524877 0.650802 0.014328 0.022925
0 0.516996 0.660991 0.015761 0.028019
0 0.537772 0.652076 0.017193 0.020377
0 0.551383 0.666086 0.021492 0.033113
0 0.613709 0.671180 0.037252 0.048396
0 0.665290 0.681369 0.042984 0.073868
0 0.681050 0.658444 0.022925 0.038208
0 0.700393 0.662265 0.035820 0.061132
4 0.768450 0.676274 0.031521 0.038208
4 0.781345 0.680095 0.040118 0.045849
4 0.804270 0.683916 0.051580 0.058585
4 0.857999 0.680095 0.090265 0.076415
0 0.723317 0.691557 0.084534 0.094245
0 0.052774 0.724670 0.104593 0.114623
0 0.647380 0.683916 0.053013 0.073868
