0 0.535440 0.480000 0.012656 0.022500
0 0.554952 0.479062 0.017930 0.031875
0 0.606632 0.472500 0.017930 0.015000
0 0.622980 0.481875 0.035859 0.041250
0 0.630362 0.494062 0.042187 0.046875
0 0.660948 0.495000 0.082266 0.063750
0 0.690479 0.499687 0.071719 0.073125
0 0.716847 0.502500 0.071719 0.082500
0 0.732667 0.508125 0.078047 0.086250
0 0.749542 0.508125 0.103359 0.105000
0 0.813351 0.522187 0.205664 0.151875
0 0.898250 0.524062 0.202494 0.170625
0 0.934637 0.566250 0.129721 0.195000
0 0.581847 0.495937 0.050625 0.076875
