0 0.665392 0.551926 0.044463 0.029122
0 0.601623 0.566487 0.073714 0.062404
0 0.462970 0.549846 0.009361 0.016641
0 0.471160 0.556087 0.016381 0.029122
0 0.347718 0.544646 0.015211 0.018721
0 0.368194 0.557127 0.028082 0.039522
0 0.333092 0.556087 0.032762 0.070724
0 0.216085 0.559207 0.016381 0.047843
0 0.170452 0.573768 0.035102 0.031202
0 0.106684 0.574808 0.099456 0.058243
2 0.438398 0.524885 0.037442 0.029122
2 0.397446 0.539446 0.042123 0.079045
0 0.034913 0.584168 0.069826 0.064484
0 0.276344 0.576888 0.122857 0.162250
0 0.430793 0.587289 0.069034 0.095686
0 0.489999 0.554530 0.030025 0.048929
