0 0.524888 0.560625 0.010547 0.018750
0 0.513023 0.560625 0.018457 0.023437
0 0.499180 0.562968 0.014502 0.023437
0 0.491270 0.570000 0.017139 0.028125
0 0.479405 0.568828 0.014502 0.035156
0 0.461607 0.572343 0.034277 0.046875
0 0.433262 0.581718 0.040869 0.065625
0 0.673862 0.567656 0.018457 0.042187
0 0.700230 0.591093 0.071191 0.084375
0 0.753623 0.615703 0.077783 0.152344
0 0.544004 0.558281 0.014502 0.018750
0 0.392393 0.591093 0.064600 0.084375
2 0.608604 0.579375 0.114697 0.210937
0 0.068645 0.669609 0.137291 0.241406
0 0.879526 0.623906 0.239941 0.351562
