0 0.235942 0.568009 0.016795 0.017062
0 0.193955 0.558412 0.019194 0.023460
0 0.178360 0.550947 0.016795 0.017062
0 0.180159 0.566943 0.025193 0.023460
0 0.095584 0.572274 0.028791 0.029858
0 0.072791 0.568009 0.021594 0.034123
0 0.060794 0.569075 0.026392 0.036256
0 0.016601 0.575474 0.033203 0.049052
0 0.021400 0.563744 0.042800 0.051185
0 0.289327 0.560545 0.013196 0.019194
0 0.303122 0.570142 0.016795 0.034123
0 0.322917 0.573341 0.034790 0.057583
0 0.377500 0.570142 0.093572 0.072512
1 0.869297 0.544549 0.261407 0.362559
