0 0.354720 0.410204 0.016358 0.024490
0 0.465785 0.434694 0.042188 0.055102
0 0.496349 0.452296 0.029273 0.050510
0 0.549299 0.461480 0.086958 0.090306
0 0.221269 0.431633 0.016358 0.036735
0 0.007318 0.477551 0.012054 0.058163
0 0.191996 0.435459 0.045631 0.044388
0 0.251834 0.426276 0.037883 0.044388
0 0.303922 0.416327 0.021524 0.012245
0 0.327599 0.417857 0.027551 0.027551
0 0.662947 0.444643 0.143782 0.185204
0 0.852360 0.511225 0.288425 0.275510
0 0.392195 0.417011 0.023824 0.028920
0 0.433498 0.423980 0.025829 0.033673
0 0.280522 0.416912 0.017868 0.029118
0 0.374327 0.414265 0.017868 0.029118
