0 0.503413 0.517920 0.018457 0.025000
0 0.486714 0.515576 0.011426 0.020312
0 0.472212 0.510889 0.015820 0.023437
0 0.456831 0.513232 0.018457 0.021875
0 0.433980 0.506201 0.014941 0.035937
0 0.422115 0.503857 0.012305 0.040625
0 0.406734 0.499170 0.025488 0.046875
0 0.393550 0.522607 0.020215 0.031250
0 0.364986 0.518701 0.038672 0.054687
0 0.309615 0.521826 0.052734 0.092187
0 0.242818 0.521045 0.093164 0.118750
0 0.161958 0.552295 0.117773 0.121875
0 0.054173 0.550732 0.108345 0.165625
0 0.557906 0.515576 0.013184 0.026562
0 0.575484 0.512451 0.020215 0.029687
0 0.604048 0.513232 0.026367 0.037500
0 0.631734 0.523389 0.023730 0.032812
0 0.660738 0.524170 0.039551 0.050000
0 0.714790 0.535107 0.070312 0.087500
0 0.809712 0.562451 0.124805 0.110937
0 0.396626 0.766357 0.008789 0.006250
0 0.954292 0.614795 0.088770 0.159375
