0 0.104991 0.560625 0.032959 0.032812
0 0.323179 0.528984 0.015820 0.025781
0 0.352842 0.527812 0.017139 0.014062
0 0.484678 0.544218 0.014502 0.028125
0 0.493247 0.543046 0.018457 0.025781
0 0.513023 0.548906 0.021094 0.037500
0 0.532139 0.550078 0.030322 0.039844
0 0.554551 0.553593 0.038232 0.051562
0 0.607285 0.572343 0.048779 0.093750
0 0.631016 0.584062 0.051416 0.089062
0 0.663316 0.592265 0.060644 0.119531
0 0.735166 0.633281 0.159521 0.187500
2 0.468199 0.539531 0.021094 0.037500
0 0.888755 0.746953 0.221484 0.367968
0 0.570371 0.568828 0.043506 0.053906
