0 0.358874 0.558388 0.013876 0.022425
0 0.209396 0.567358 0.040365 0.049336
0 0.182906 0.567358 0.007569 0.044850
0 0.124250 0.571843 0.044150 0.040365
0 0.039735 0.572965 0.041627 0.056063
0 0.661488 0.594269 0.080731 0.139036
0 0.553637 0.575207 0.023967 0.051578
2 0.438217 0.552782 0.030274 0.065033
2 0.531688 0.548297 0.023967 0.065033
0 0.490061 0.581935 0.081992 0.141279
0 0.407438 0.577450 0.055502 0.069518
0 0.283819 0.608845 0.148847 0.154734
0 0.017660 0.583056 0.035320 0.071761
0 0.585929 0.574086 0.054241 0.076246
0 0.754455 0.627907 0.203089 0.201827
