0 0.374326 0.519031 0.019496 0.019063
0 0.359704 0.526829 0.015597 0.020796
0 0.331435 0.523364 0.027295 0.027728
0 0.261249 0.536361 0.040942 0.032927
0 0.211533 0.532895 0.040942 0.046791
0 0.182776 0.541560 0.026320 0.036393
0 0.146221 0.526829 0.038992 0.034660
0 0.079447 0.550225 0.063363 0.064121
2 0.301703 0.523364 0.024370 0.051990
0 0.490328 0.518165 0.019496 0.027728
0 0.508362 0.518165 0.022421 0.027728
0 0.621927 0.511233 0.037043 0.045058
0 0.636550 0.506900 0.052640 0.046791
0 0.700887 0.510366 0.126725 0.081451
0 0.415268 0.524230 0.023395 0.022529
0 0.446462 0.519898 0.015597 0.020796
2 0.439638 0.510366 0.013647 0.022529
1 0.423067 0.512099 0.021446 0.032927
