0 0.649823 0.531843 0.013109 0.011652
0 0.665741 0.530179 0.011236 0.011652
0 0.557593 0.535173 0.017791 0.031628
0 0.534653 0.523520 0.020600 0.024969
0 0.602537 0.516030 0.023409 0.019975
0 0.439145 0.517694 0.022472 0.036621
0 0.330998 0.521024 0.036517 0.029963
0 0.366579 0.520191 0.027154 0.018311
0 0.210209 0.516030 0.023409 0.013317
2 0.705067 0.515197 0.029963 0.041615
2 0.680254 0.522688 0.021536 0.026634
2 0.754693 0.511868 0.056181 0.061591
0 0.590833 0.549322 0.052435 0.069914
0 0.482217 0.550987 0.093634 0.129840
0 0.879695 0.508539 0.238768 0.454439
