0 0.417669 0.574169 0.026765 0.040785
0 0.397786 0.576888 0.014530 0.040785
0 0.311754 0.601813 0.039766 0.059819
0 0.284224 0.607931 0.036707 0.069335
0 0.249046 0.612009 0.052002 0.085650
0 0.457052 0.566692 0.007647 0.014955
0 0.467759 0.568731 0.010706 0.021752
0 0.490701 0.560574 0.004588 0.010876
0 0.486495 0.563293 0.005353 0.013595
0 0.479230 0.568051 0.010706 0.020393
0 0.501789 0.547659 0.009941 0.009517
0 0.513642 0.557855 0.010706 0.021752
0 0.527407 0.562613 0.013765 0.014955
0 0.541173 0.567372 0.015295 0.024471
0 0.553791 0.568051 0.016059 0.025831
0 0.564114 0.570091 0.013765 0.035347
0 0.641352 0.579607 0.058119 0.070695
0 0.666588 0.587085 0.053531 0.077492
0 0.830886 0.630816 0.336498 0.352115
0 0.167475 0.623338 0.114709 0.122356
0 0.377393 0.580514 0.031354 0.050302
0 0.446984 0.566918 0.012236 0.017674
0 0.502809 0.568278 0.022942 0.033988
