0 0.180287 0.523469 0.123980 0.157959
0 0.531489 0.498017 0.012398 0.014694
0 0.396292 0.515335 0.012398 0.025714
1 0.584254 0.476633 0.097117 0.132245
1 0.642421 0.486275 0.020663 0.043163
1 0.722181 0.490408 0.040293 0.045918
0 0.752453 0.502347 0.050625 0.045918
0 0.771566 0.521633 0.043393 0.040408
0 0.956709 0.575816 0.083686 0.214898
0 0.430657 0.510612 0.060957 0.066122
0 0.810516 0.533047 0.067156 0.067959
0 0.673106 0.500904 0.013431 0.018367
0 0.688087 0.496312 0.010332 0.016531
0 0.658641 0.499067 0.011365 0.014694
