0 0.284249 0.393512 0.217945 0.263898
0 0.941087 0.557495 0.115837 0.317288
0 0.888746 0.393512 0.217087 0.199830
0 0.747596 0.362240 0.130424 0.149491
0 0.691394 0.361478 0.035180 0.077797
0 0.666081 0.357664 0.051483 0.079322
0 0.638624 0.354613 0.041186 0.054915
0 0.620605 0.358427 0.029174 0.047288
0 0.389360 0.388173 0.074650 0.131186
0 0.404376 0.367579 0.094386 0.120508
0 0.442988 0.365291 0.060064 0.076271
0 0.461007 0.356901 0.046335 0.071695
0 0.476023 0.349274 0.031748 0.053390
0 0.489323 0.347749 0.020593 0.047288
0 0.497474 0.339359 0.023167 0.042712
0 0.515064 0.341647 0.015445 0.028983
0 0.549386 0.339359 0.010297 0.018305
0 0.560970 0.334783 0.011155 0.018305
0 0.572554 0.337071 0.013729 0.022881
0 0.588857 0.337071 0.010297 0.022881
0 0.602157 0.334783 0.018019 0.030508
0 0.533942 0.349274 0.027458 0.041186
