0 0.405214 0.520932 0.012013 0.024407
0 0.393631 0.526271 0.012871 0.035085
0 0.381189 0.527797 0.024025 0.056441
0 0.361025 0.530085 0.031748 0.067119
0 0.317264 0.529322 0.086663 0.111356
0 0.240469 0.546102 0.140720 0.154068
0 0.085591 0.647542 0.169036 0.259322
0 0.434388 0.519407 0.012013 0.018305
0 0.447688 0.523220 0.021451 0.022881
0 0.469997 0.529322 0.036896 0.053390
0 0.521480 0.542288 0.064354 0.057966
0 0.569960 0.547627 0.084089 0.056441
0 0.688800 0.609407 0.135572 0.186102
0 0.839388 0.652881 0.237680 0.218136
0 0.930341 0.827542 0.136430 0.341695
