0 0.426011 0.645000 0.013184 0.037500
0 0.416783 0.645000 0.018457 0.042187
0 0.408213 0.647343 0.019775 0.046875
0 0.390415 0.649687 0.036914 0.075000
0 0.366685 0.649687 0.042187 0.089062
0 0.346910 0.655546 0.039551 0.110156
0 0.304722 0.653203 0.087012 0.171094
0 0.224961 0.662578 0.151611 0.236719
0 0.476768 0.645000 0.011865 0.028125
0 0.483360 0.646171 0.019775 0.039844
0 0.495225 0.652031 0.027686 0.056250
0 0.514341 0.652031 0.039551 0.075000
0 0.540049 0.654375 0.051416 0.089062
0 0.553892 0.675468 0.042187 0.093750
0 0.611900 0.678984 0.113379 0.171094
0 0.717368 0.732890 0.216211 0.241406
0 0.106878 0.646171 0.213755 0.499218
0 0.883481 0.778593 0.232031 0.379687
