0 0.406236 0.459843 0.015820 0.028125
0 0.393052 0.450468 0.021094 0.046875
0 0.381187 0.459843 0.026367 0.046875
0 0.368003 0.459843 0.013184 0.056250
0 0.360093 0.466875 0.023730 0.079687
0 0.330430 0.475078 0.059326 0.119531
0 0.269786 0.475078 0.098877 0.161719
0 0.481382 0.465703 0.010547 0.021094
0 0.491270 0.468047 0.017139 0.030469
0 0.505113 0.468047 0.018457 0.039844
0 0.517637 0.473906 0.027686 0.056250
0 0.540049 0.475078 0.032959 0.072656
0 0.564439 0.486797 0.039551 0.072656
0 0.580259 0.493828 0.044824 0.077344
0 0.609922 0.500859 0.054053 0.096094
0 0.654087 0.520781 0.089648 0.131250
0 0.735825 0.546562 0.163476 0.187500
0 0.150474 0.502031 0.234668 0.271875
0 0.449082 0.456328 0.027686 0.044531
0 0.877549 0.613359 0.243896 0.297656
