0 0.080752 0.695466 0.159797 0.271943
0 0.920709 0.813226 0.154334 0.361781
0 0.190015 0.637192 0.146139 0.179676
0 0.277425 0.642048 0.066923 0.111691
0 0.786179 0.712462 0.295009 0.305935
0 0.618188 0.656617 0.128384 0.169964
0 0.562873 0.645690 0.053266 0.109263
2 0.324544 0.594701 0.060094 0.123831
0 0.362103 0.629908 0.017755 0.043705
0 0.375761 0.626266 0.015024 0.036421
0 0.424246 0.634764 0.062826 0.097122
0 0.497999 0.628694 0.019121 0.075270
0 0.489121 0.633550 0.015024 0.046133
0 0.473415 0.633550 0.013658 0.031565
