0 0.009748 0.616079 0.019496 0.105712
0 0.973833 0.798909 0.048740 0.138639
0 0.861243 0.715726 0.215433 0.162901
0 0.555153 0.645539 0.073111 0.102247
0 0.445487 0.616945 0.052640 0.086650
0 0.268072 0.605681 0.042892 0.039859
0 0.650197 0.630809 0.083833 0.048524
0 0.702836 0.618678 0.052640 0.048524
0 0.493253 0.616945 0.023395 0.027728
0 0.483505 0.617812 0.015597 0.025995
1 0.316908 0.587311 0.037233 0.066201
0 0.351011 0.603276 0.024979 0.037736
0 0.383587 0.603081 0.024370 0.034660
0 0.404545 0.605681 0.017547 0.039859
