4 0.532549 0.432666 0.009750 0.018353
0 0.410289 0.440313 0.025236 0.039766
0 0.385626 0.433686 0.033266 0.077492
0 0.436098 0.431137 0.017206 0.021412
0 0.481121 0.410234 0.017780 0.028550
0 0.500049 0.414822 0.010897 0.027530
0 0.522990 0.416352 0.007456 0.018353
0 0.028020 0.493844 0.053340 0.050982
0 0.140053 0.490276 0.165755 0.139690
0 0.334772 0.457647 0.104385 0.129494
0 0.461717 0.425019 0.026383 0.041805
0 0.490967 0.426038 0.016059 0.029569
0 0.514196 0.424509 0.017780 0.034668
0 0.556925 0.414313 0.025236 0.050982
