0 0.421397 0.366093 0.014502 0.023437
0 0.406236 0.369609 0.015820 0.025781
0 0.391075 0.371953 0.011865 0.016406
0 0.378550 0.368437 0.018457 0.023437
0 0.364048 0.377812 0.026367 0.032812
0 0.340318 0.378984 0.026367 0.025781
0 0.327134 0.387187 0.026367 0.028125
0 0.308018 0.397734 0.030322 0.039844
0 0.282969 0.395390 0.038232 0.044531
0 0.254624 0.414140 0.050098 0.049219
0 0.191343 0.420000 0.073828 0.065625
0 0.081260 0.439922 0.106787 0.096094
0 0.439195 0.364922 0.021094 0.044531
0 0.590806 0.346172 0.015820 0.039844
0 0.562461 0.366093 0.040869 0.065625
0 0.611240 0.342656 0.027686 0.032812
0 0.636948 0.346172 0.039551 0.049219
0 0.681773 0.328594 0.060644 0.098437
0 0.734507 0.321562 0.094922 0.103125
0 0.820200 0.321562 0.137109 0.126562
0 0.019207 0.464531 0.038414 0.075000
0 0.912485 0.323906 0.174023 0.187500
0 0.498521 0.415312 0.129199 0.182812
2 0.511704 0.307500 0.036914 0.042187
