0 0.573042 0.441113 0.009597 0.023460
0 0.559246 0.444312 0.017995 0.025592
0 0.591037 0.449644 0.011996 0.019194
2 0.539452 0.418720 0.019194 0.034123
0 0.532254 0.447512 0.021594 0.049052
0 0.460876 0.425118 0.013196 0.021327
0 0.437483 0.425118 0.031191 0.029858
0 0.404492 0.427251 0.032390 0.025592
0 0.362505 0.422985 0.058783 0.042654
0 0.299524 0.418720 0.091173 0.063981
0 0.219147 0.430450 0.112767 0.053318
0 0.150768 0.427251 0.076777 0.068246
0 0.042394 0.417654 0.084787 0.091706
0 0.056789 0.401658 0.113579 0.110900
0 0.495665 0.454976 0.065980 0.106635
0 0.633624 0.486966 0.065980 0.102370
