0 0.456811 0.463476 0.014502 0.016406
0 0.488452 0.463476 0.011865 0.021094
0 0.502954 0.466992 0.014502 0.028125
0 0.527343 0.471679 0.021094 0.042187
0 0.443628 0.464648 0.011865 0.018750
0 0.411987 0.469336 0.014502 0.028125
0 0.388257 0.471679 0.030322 0.037500
0 0.344092 0.488086 0.029004 0.046875
0 0.305859 0.485742 0.052734 0.075000
0 0.279492 0.502148 0.058008 0.079687
0 0.226758 0.511523 0.073828 0.107812
0 0.133154 0.516211 0.145019 0.182812
0 0.473291 0.465820 0.021094 0.030469
0 0.553051 0.474023 0.043506 0.060937
0 0.046143 0.541015 0.092285 0.236719
