0 0.455430 0.472071 0.019735 0.024407
0 0.439556 0.472071 0.010297 0.021356
0 0.429688 0.466732 0.007722 0.025932
0 0.419821 0.466732 0.013729 0.028983
0 0.407808 0.464444 0.006864 0.033559
0 0.401373 0.472834 0.023167 0.050339
0 0.379921 0.481986 0.042044 0.086949
0 0.325435 0.494952 0.090953 0.106780
0 0.501765 0.473596 0.042044 0.054915
0 0.523645 0.484274 0.036038 0.082373
0 0.571696 0.494190 0.082373 0.114407
0 0.691394 0.533088 0.186197 0.219661
0 0.909768 0.592579 0.178475 0.408813
0 0.140096 0.473596 0.111547 0.076271
0 0.041366 0.486305 0.082732 0.105768
2 0.047478 0.373158 0.094488 0.124605
0 0.223756 0.484274 0.074650 0.070169
