0 0.481555 0.402921 0.013647 0.015597
0 0.494715 0.402921 0.012673 0.019063
0 0.464009 0.398588 0.019496 0.013864
0 0.444025 0.395989 0.014622 0.015597
0 0.528346 0.395989 0.005849 0.015597
0 0.557590 0.395122 0.029244 0.017330
0 0.557590 0.411586 0.019496 0.022529
0 0.506900 0.426316 0.027295 0.041592
0 0.457185 0.417651 0.015597 0.017330
0 0.440613 0.418518 0.015597 0.019063
0 0.447437 0.438447 0.017547 0.031194
0 0.430865 0.436714 0.023395 0.055456
0 0.379688 0.416785 0.053614 0.036393
0 0.309501 0.463575 0.071161 0.088383
0 0.513724 0.397722 0.013647 0.012131
0 0.574162 0.433248 0.046791 0.062388
0 0.476194 0.438447 0.041917 0.058922
0 0.387486 0.472240 0.108204 0.126508
0 0.199836 0.488704 0.157919 0.142105
0 0.664332 0.393389 0.030219 0.038126
0 0.534682 0.399455 0.008773 0.015597
