0 0.478455 0.519436 0.009789 0.027348
0 0.471463 0.516949 0.012586 0.017403
0 0.430208 0.525651 0.008391 0.019890
0 0.420418 0.525651 0.019579 0.024862
0 0.403636 0.533110 0.013985 0.024862
0 0.335111 0.530623 0.022376 0.029834
0 0.280570 0.535596 0.025173 0.024862
0 0.250503 0.541811 0.040556 0.037293
0 0.218338 0.549270 0.046150 0.037293
0 0.188970 0.554242 0.048947 0.037293
0 0.167992 0.556728 0.046150 0.037293
0 0.144918 0.562944 0.061533 0.039779
0 0.116948 0.571646 0.050345 0.057182
0 0.072896 0.571646 0.068526 0.062155
0 0.049821 0.584077 0.039157 0.072099
2 0.368674 0.520679 0.044751 0.059669
1 0.423914 0.504519 0.026571 0.022376
0 0.289660 0.552999 0.051744 0.044751
0 0.456079 0.529380 0.032165 0.052210
0 0.380562 0.539325 0.037759 0.052210
0 0.505726 0.510734 0.011188 0.019890
0 0.488245 0.513220 0.009789 0.019890
0 0.798008 0.488358 0.047548 0.054696
0 0.951142 0.437214 0.054541 0.034807
