0 0.457120 0.391063 0.011701 0.012481
0 0.467650 0.408745 0.014041 0.014561
0 0.450099 0.405624 0.011701 0.012481
0 0.436058 0.403544 0.007020 0.016641
0 0.426698 0.406664 0.011701 0.014561
0 0.462385 0.423305 0.019891 0.010401
0 0.484616 0.421225 0.022231 0.022881
0 0.460630 0.443067 0.014041 0.020801
0 0.499827 0.440986 0.012871 0.016641
0 0.513283 0.448267 0.016381 0.018721
0 0.435473 0.419145 0.017551 0.010401
0 0.426698 0.430586 0.016381 0.012481
0 0.443079 0.431626 0.016381 0.014561
0 0.414997 0.438906 0.011701 0.012481
0 0.436643 0.447227 0.012871 0.020801
0 0.447174 0.447227 0.012871 0.020801
0 0.419677 0.450347 0.021061 0.035362
0 0.381065 0.451387 0.011701 0.020801
0 0.482861 0.450347 0.028082 0.031202
0 0.555991 0.454507 0.047973 0.064484
0 0.398616 0.454507 0.030422 0.043683
0 0.354738 0.457627 0.031592 0.049923
0 0.374045 0.456587 0.018721 0.031202
0 0.749637 0.478429 0.081905 0.083205
0 0.849678 0.474268 0.122857 0.141448
0 0.328412 0.472188 0.035102 0.079045
0 0.056956 0.536672 0.112327 0.224653
0 0.939774 0.488829 0.118177 0.178891
0 0.249432 0.529392 0.176681 0.218413
0 0.661297 0.471148 0.062014 0.068644
0 0.168112 0.480509 0.032762 0.037442
