0 0.508162 0.363671 0.007647 0.012236
0 0.496691 0.365710 0.009177 0.013595
0 0.482926 0.355060 0.008412 0.006798
0 0.497456 0.404003 0.019118 0.020393
0 0.477573 0.399245 0.017589 0.024471
0 0.528045 0.408761 0.023707 0.043505
0 0.542575 0.410801 0.016059 0.025831
0 0.560928 0.410121 0.032883 0.051662
0 0.552134 0.459743 0.027530 0.042145
0 0.576223 0.478097 0.057355 0.100604
0 0.299391 0.454305 0.042060 0.053021
0 0.339922 0.491012 0.084885 0.123716
0 0.814945 0.507326 0.120827 0.183535
0 0.672323 0.498729 0.173593 0.239755
0 0.180395 0.549271 0.308950 0.296375
0 0.024813 0.532277 0.049627 0.208006
0 0.455697 0.564226 0.234007 0.312689
1 0.443079 0.383410 0.054296 0.054381
