3 0.828099 0.514699 0.092607 0.180231
3 0.851007 0.511233 0.097481 0.187163
0 0.439638 0.398588 0.009748 0.013864
0 0.431840 0.397722 0.007798 0.019063
0 0.425016 0.398588 0.009748 0.024262
0 0.421117 0.404654 0.011698 0.025995
0 0.451336 0.401188 0.007798 0.019063
0 0.458160 0.404654 0.007798 0.025995
0 0.464983 0.407253 0.011698 0.038126
0 0.485942 0.415918 0.038018 0.058922
0 0.512749 0.421983 0.044841 0.095315
0 0.550766 0.416785 0.068237 0.143838
0 0.618028 0.446245 0.163768 0.223556
2 0.391385 0.378659 0.055564 0.102247
0 0.384074 0.408120 0.033143 0.071053
0 0.370427 0.411586 0.035093 0.081451
0 0.352880 0.419384 0.046791 0.090116
0 0.342158 0.428049 0.037043 0.086650
0 0.314376 0.432381 0.063363 0.126508
0 0.203735 0.438447 0.220307 0.259949
