0 0.489089 0.464908 0.018721 0.039522
0 0.465103 0.468028 0.040952 0.066564
0 0.434096 0.457627 0.035102 0.070724
1 0.406014 0.447227 0.028082 0.054083
0 0.373252 0.472188 0.044463 0.062404
0 0.579185 0.489869 0.114667 0.151849
0 0.340490 0.449654 0.011701 0.027042
0 0.332885 0.451734 0.015211 0.018721
0 0.319429 0.454854 0.016381 0.020801
0 0.302463 0.454854 0.019891 0.024961
0 0.289007 0.454854 0.014041 0.024961
0 0.282572 0.470455 0.031592 0.064484
0 0.052068 0.487096 0.059674 0.068644
0 0.023401 0.482936 0.046803 0.081125
0 0.181946 0.535632 0.235184 0.272496
