0 0.401053 0.436271 0.027458 0.036610
0 0.302806 0.441610 0.031748 0.071695
0 0.262478 0.436271 0.064354 0.088475
0 0.207991 0.445424 0.077225 0.091525
0 0.556789 0.467542 0.035180 0.065593
0 0.605698 0.466017 0.043761 0.068644
0 0.631869 0.469830 0.061780 0.079322
2 0.534566 0.429407 0.032606 0.065593
0 0.113606 0.456864 0.135572 0.102203
0 0.345079 0.442373 0.076367 0.097627
0 0.481223 0.498051 0.122701 0.181525
0 0.718474 0.530847 0.180191 0.222712
0 0.430598 0.429407 0.019735 0.035085
3 0.872352 0.562373 0.048051 0.076271
