0 0.294183 0.495354 0.057402 0.055276
0 0.645369 0.486496 0.014350 0.019134
0 0.666297 0.510945 0.039464 0.046772
0 0.686627 0.490748 0.020330 0.023386
0 0.767946 0.490748 0.049031 0.040394
0 0.779904 0.520512 0.029897 0.053150
0 0.793657 0.529016 0.047835 0.070157
0 0.713733 0.492874 0.032288 0.019134
2 0.530765 0.434410 0.051422 0.051024
2 0.432306 0.486496 0.142308 0.244488
0 0.729080 0.546732 0.102845 0.116929
0 0.563452 0.598465 0.209277 0.312520
0 0.883312 0.620150 0.230802 0.316772
2 0.134101 0.551693 0.267874 0.252992
