0 0.373747 0.372704 0.009471 0.019898
0 0.382615 0.372704 0.013431 0.019898
0 0.482487 0.382653 0.008610 0.015306
0 0.598288 0.382653 0.009471 0.018367
0 0.586234 0.381888 0.016358 0.038265
0 0.582790 0.388010 0.014636 0.035204
0 0.571167 0.394133 0.024107 0.065816
0 0.686107 0.391072 0.023246 0.056633
0 0.606467 0.401021 0.024107 0.076531
0 0.787357 0.408674 0.054241 0.076531
0 0.723559 0.391837 0.079209 0.134694
1 0.925244 0.371155 0.148523 0.154630
0 0.468109 0.380357 0.028412 0.032143
0 0.503409 0.382653 0.019802 0.018367
0 0.390192 0.377296 0.015497 0.029082
0 0.412146 0.374235 0.033578 0.038265
0 0.431518 0.369643 0.013776 0.013776
0 0.644694 0.428572 0.087819 0.137755
0 0.538709 0.405612 0.064573 0.094898
0 0.954087 0.470363 0.090838 0.136825
2 0.860970 0.423980 0.118814 0.134694
