0 0.468150 0.308440 0.008603 0.013255
0 0.424274 0.307421 0.027530 0.049962
0 0.390148 0.301303 0.060222 0.111140
0 0.334227 0.332912 0.078002 0.121337
0 0.208047 0.304872 0.082591 0.063218
0 0.271997 0.293656 0.057928 0.028550
0 0.255651 0.381344 0.144534 0.179456
0 0.667347 0.305859 0.063090 0.096866
0 0.740761 0.278839 0.039001 0.044864
0 0.101518 0.474305 0.203035 0.515590
0 0.452669 0.308223 0.014120 0.021848
0 0.513167 0.314526 0.089473 0.157024
0 0.710760 0.316597 0.096929 0.105023
0 0.928301 0.309800 0.142038 0.357893
