0 0.472615 0.541926 0.023934 0.031517
0 0.406280 0.555058 0.029548 0.042023
0 0.381903 0.560311 0.039889 0.047276
0 0.652018 0.514348 0.017729 0.028891
0 0.676395 0.515661 0.033980 0.042023
0 0.700772 0.518288 0.020683 0.057782
0 0.720716 0.516974 0.042844 0.070914
0 0.751003 0.523540 0.044321 0.084047
0 0.784982 0.526167 0.067960 0.105058
0 0.028809 0.641731 0.057618 0.115564
0 0.339798 0.573005 0.062050 0.060409
0 0.548847 0.555933 0.131487 0.194358
0 0.624440 0.516537 0.017729 0.031517
0 0.869686 0.526167 0.159557 0.157587
