0 0.464795 0.622450 0.015486 0.030589
0 0.412603 0.615312 0.044163 0.044864
0 0.436692 0.635195 0.031545 0.045884
0 0.262620 0.594919 0.049325 0.026511
0 0.242259 0.622960 0.075135 0.072394
0 0.215590 0.627548 0.074561 0.067296
0 0.169419 0.630097 0.062517 0.084630
0 0.154794 0.628568 0.061943 0.083610
0 0.147338 0.632136 0.065384 0.092787
0 0.080265 0.664255 0.160529 0.195770
0 0.012873 0.721864 0.025746 0.156005
3 0.916622 0.827907 0.161166 0.333421
3 0.700427 0.738688 0.068826 0.210045
3 0.678505 0.745316 0.083738 0.196790
3 0.635776 0.734610 0.084311 0.173338
3 0.582723 0.721864 0.069973 0.139690
0 0.328005 0.709119 0.169770 0.267145
