0 0.019296 0.611487 0.034694 0.110393
0 0.062469 0.542346 0.122989 0.162741
0 0.871254 0.519071 0.254944 0.297998
0 0.700122 0.522536 0.143455 0.144148
0 0.613191 0.507289 0.080303 0.127515
0 0.557836 0.505210 0.066270 0.090092
0 0.313417 0.485806 0.028067 0.037423
0 0.334468 0.478876 0.020271 0.040195
0 0.360196 0.478183 0.037423 0.038809
0 0.388653 0.474717 0.024169 0.037423
0 0.412432 0.472638 0.029627 0.033265
0 0.274435 0.489964 0.034304 0.040195
0 0.242080 0.493429 0.028847 0.038809
0 0.198810 0.494122 0.049897 0.051283
0 0.455703 0.487192 0.042881 0.054055
