0 0.492348 0.405699 0.007869 0.018653
0 0.496282 0.415026 0.010492 0.013990
0 0.503496 0.424352 0.009181 0.018653
0 0.510709 0.429016 0.010492 0.018653
0 0.521857 0.436010 0.011804 0.018653
0 0.532349 0.441839 0.019673 0.025648
0 0.479233 0.411529 0.010492 0.016321
0 0.470052 0.420855 0.010492 0.016321
0 0.462838 0.427850 0.011804 0.020984
0 0.457592 0.439508 0.011804 0.020984
0 0.447756 0.444171 0.018361 0.030311
0 0.431362 0.451166 0.022296 0.048964
0 0.420214 0.456995 0.015738 0.051295
0 0.408410 0.456995 0.018361 0.055959
0 0.386770 0.468653 0.051150 0.074611
0 0.547170 0.455829 0.013115 0.025648
0 0.560285 0.458161 0.015738 0.030311
0 0.565531 0.461658 0.015738 0.027979
2 0.625337 0.431347 0.115939 0.167876
0 0.451166 0.601554 0.170499 0.242487
0 0.714127 0.605052 0.205910 0.235492
0 0.978663 0.526943 0.039346 0.055959
0 0.044592 0.458161 0.089184 0.109585
0 0.031477 0.740285 0.062953 0.291451
0 0.913086 0.587565 0.170499 0.181865
