0 0.467759 0.326284 0.007647 0.013595
0 0.454376 0.326964 0.008412 0.014955
0 0.462788 0.328323 0.006883 0.014955
0 0.445964 0.331042 0.008412 0.014955
0 0.438317 0.332402 0.009941 0.014955
0 0.348334 0.325604 0.019118 0.014955
0 0.381217 0.334441 0.019118 0.027190
0 0.401865 0.332402 0.023707 0.031269
0 0.272626 0.335121 0.016059 0.010876
0 0.206859 0.347356 0.025236 0.021752
0 0.182770 0.345317 0.016824 0.023112
0 0.318127 0.342598 0.052002 0.061178
0 0.665696 0.311556 0.028295 0.023112
0 0.816602 0.317674 0.009941 0.024471
0 0.970440 0.303075 0.042825 0.023112
0 0.991470 0.291519 0.016059 0.027190
0 0.979234 0.313271 0.040531 0.024471
0 0.936409 0.312592 0.040531 0.023112
0 0.873702 0.318030 0.107827 0.036707
0 0.502851 0.329782 0.032119 0.043505
