0 0.509730 0.509062 0.017930 0.031875
0 0.515531 0.511875 0.018984 0.030000
0 0.521332 0.519375 0.015820 0.045000
0 0.537152 0.513750 0.030586 0.078750
0 0.539789 0.528750 0.025312 0.075000
0 0.546117 0.544687 0.014766 0.050625
0 0.484945 0.506250 0.008437 0.018750
0 0.757265 0.592500 0.237305 0.320625
0 0.897539 0.646875 0.201445 0.538125
0 0.471023 0.508125 0.014766 0.018750
0 0.470496 0.524062 0.013711 0.024375
0 0.494385 0.507656 0.016875 0.024375
0 0.455361 0.512344 0.021094 0.033750
2 0.625957 0.466473 0.159258 0.339375
