0 0.248089 0.288890 0.026320 0.036393
0 0.269047 0.281091 0.019496 0.027728
0 0.172541 0.285424 0.021446 0.025995
0 0.097481 0.295822 0.035093 0.029461
0 0.703324 0.376406 0.133549 0.142105
0 0.471807 0.318351 0.050690 0.074519
0 0.386024 0.392003 0.155969 0.249551
2 0.379688 0.260295 0.022421 0.027728
2 0.427453 0.265494 0.028269 0.031194
0 0.867092 0.417131 0.264173 0.303274
3 0.584885 0.350411 0.027295 0.058922
3 0.595608 0.358209 0.033143 0.067587
3 0.602431 0.359942 0.040942 0.064121
3 0.609742 0.363408 0.038018 0.067587
3 0.621440 0.365141 0.059463 0.064121
