0 0.210619 0.439175 0.036186 0.037113
0 0.387487 0.441237 0.012758 0.020619
0 0.375309 0.441237 0.016237 0.024742
0 0.365451 0.441237 0.012758 0.020619
0 0.355013 0.440206 0.015077 0.022680
0 0.458467 0.426804 0.008119 0.016495
0 0.470065 0.429897 0.012758 0.014433
0 0.464266 0.437113 0.028995 0.016495
0 0.507178 0.444330 0.012758 0.018557
0 0.513557 0.431959 0.009278 0.010309
0 0.554150 0.445361 0.020876 0.032990
0 0.541392 0.439175 0.013918 0.016495
0 0.528054 0.438144 0.012758 0.022680
0 0.490361 0.426804 0.009278 0.016495
2 0.835980 0.441237 0.194845 0.230928
0 0.269652 0.445361 0.054510 0.065979
0 0.311985 0.443299 0.027835 0.037113
0 0.339240 0.439175 0.026675 0.041237
0 0.520863 0.453608 0.028995 0.045361
0 0.575374 0.456701 0.031314 0.043299
0 0.417062 0.453608 0.062629 0.082474
0 0.947436 0.514433 0.103222 0.171134
