0 0.546361 0.586257 0.010443 0.028692
0 0.534968 0.590476 0.012342 0.016878
0 0.525000 0.591320 0.009494 0.025316
0 0.501740 0.594695 0.046519 0.028692
0 0.472785 0.594695 0.011392 0.028692
0 0.465664 0.597227 0.010443 0.033755
0 0.450949 0.598915 0.026582 0.043882
0 0.440031 0.603978 0.018038 0.037131
0 0.428164 0.607354 0.011392 0.037131
0 0.356013 0.620012 0.026582 0.055696
0 0.639398 0.589029 0.010443 0.033755
0 0.656487 0.592405 0.027532 0.060759
0 0.682595 0.583966 0.039873 0.043882
0 0.701582 0.598312 0.055063 0.062447
0 0.328481 0.630379 0.045570 0.055696
0 0.286709 0.638818 0.064557 0.075949
0 0.393987 0.613502 0.062658 0.072574
0 0.212789 0.657721 0.108228 0.096202
0 0.617694 0.586835 0.029430 0.059072
0 0.754747 0.621941 0.098734 0.113080
0 0.572943 0.612658 0.057911 0.094515
