0 0.597635 0.540284 0.020394 0.021327
0 0.562246 0.547748 0.021594 0.027725
0 0.589716 0.559232 0.028548 0.042161
0 0.639623 0.561611 0.041988 0.055450
0 0.685209 0.550947 0.015595 0.038389
0 0.829766 0.577606 0.069579 0.061848
0 0.893947 0.580805 0.082775 0.076777
0 0.959270 0.587203 0.081460 0.115166
0 0.735594 0.595734 0.128362 0.136493
0 0.440251 0.549107 0.029529 0.038973
0 0.399694 0.549881 0.044387 0.066114
0 0.343311 0.578673 0.070779 0.089573
0 0.294725 0.553080 0.033590 0.055450
0 0.264734 0.569075 0.040788 0.044787
0 0.225146 0.563744 0.038389 0.068246
0 0.159165 0.587203 0.088774 0.115166
0 0.063387 0.605331 0.126775 0.258057
1 0.111179 0.537085 0.194342 0.159952
