0 0.400159 0.457510 0.012673 0.017330
0 0.379200 0.462709 0.013647 0.013864
0 0.367015 0.464442 0.012673 0.017330
0 0.329485 0.490437 0.029244 0.048524
0 0.306090 0.493903 0.029244 0.058922
0 0.213970 0.504301 0.043866 0.051990
0 0.263686 0.495636 0.057514 0.062388
0 0.472294 0.457077 0.007798 0.012131
0 0.480093 0.460543 0.011698 0.012131
0 0.491791 0.469208 0.015597 0.019063
0 0.501051 0.477006 0.012673 0.020796
0 0.423067 0.459243 0.021446 0.020796
0 0.460597 0.456210 0.008773 0.013864
0 0.444025 0.451878 0.010723 0.015597
0 0.612082 0.495636 0.077010 0.034660
0 0.675444 0.489570 0.045816 0.043325
0 0.761130 0.485238 0.062388 0.041592
0 0.032412 0.490437 0.064337 0.053723
0 0.509093 0.486104 0.017547 0.031194
