0 0.105279 0.439313 0.198861 0.171566
0 0.284644 0.380392 0.079934 0.091849
0 0.221769 0.397722 0.061413 0.077985
0 0.341183 0.374326 0.037043 0.045058
0 0.367990 0.378659 0.022421 0.032927
0 0.389436 0.371727 0.012673 0.015597
0 0.401133 0.367394 0.010723 0.024262
0 0.514699 0.382991 0.037043 0.072786
0 0.532245 0.376059 0.015597 0.031194
0 0.637524 0.404654 0.048740 0.081451
0 0.810065 0.434981 0.196911 0.149037
0 0.453286 0.413319 0.101380 0.192362
0 0.898285 0.558023 0.199836 0.339666
0 0.574649 0.412452 0.090657 0.110911
2 0.574649 0.343132 0.077010 0.069320
