0 0.496865 0.526421 0.020394 0.031990
0 0.475271 0.508293 0.013196 0.017062
0 0.460276 0.525355 0.011996 0.029858
0 0.444081 0.525355 0.027592 0.042654
0 0.419488 0.538151 0.019194 0.034123
0 0.388897 0.521090 0.049185 0.085308
0 0.474072 0.538151 0.027592 0.042654
0 0.535254 0.537085 0.044387 0.083175
0 0.619944 0.540284 0.021362 0.059716
0 0.651019 0.539218 0.050385 0.078910
0 0.666615 0.556279 0.038389 0.070379
0 0.706803 0.553080 0.073178 0.115166
0 0.779981 0.580805 0.130761 0.153554
0 0.906486 0.647985 0.187029 0.275118
0 0.292326 0.557346 0.062381 0.085308
0 0.228145 0.575474 0.118765 0.087441
2 0.083781 0.585071 0.167563 0.174881
