0 0.898593 0.680201 0.200391 0.216333
0 0.282779 0.403544 0.039782 0.054083
0 0.350643 0.404584 0.044463 0.056163
0 0.657202 0.482589 0.175511 0.158089
0 0.237146 0.387943 0.016381 0.039522
0 0.186833 0.382743 0.018721 0.024961
0 0.026534 0.391063 0.023401 0.024961
0 0.209650 0.386903 0.019891 0.033282
0 0.223691 0.388983 0.010531 0.029122
0 0.325487 0.399384 0.015211 0.033282
0 0.318466 0.399384 0.012871 0.041602
0 0.306181 0.399384 0.009361 0.033282
0 0.541365 0.447227 0.084245 0.087365
0 0.490467 0.437866 0.047973 0.076965
0 0.259980 0.395625 0.015820 0.022500
