0 0.363620 0.524528 0.009564 0.008501
0 0.364577 0.538130 0.007651 0.015302
0 0.360273 0.539830 0.008608 0.018703
0 0.350709 0.543231 0.012433 0.025504
0 0.420526 0.538980 0.006695 0.027204
0 0.411918 0.544081 0.014346 0.037406
0 0.443479 0.546631 0.014346 0.022103
0 0.496504 0.560112 0.022953 0.045664
0 0.330147 0.541531 0.028692 0.052708
0 0.307671 0.555983 0.048776 0.057809
0 0.386041 0.559990 0.054514 0.083312
0 0.464902 0.559043 0.048776 0.064610
0 0.722623 0.663949 0.300307 0.270340
0 0.587293 0.578936 0.062165 0.069710
0 0.733348 0.657148 0.275851 0.260139
0 0.922855 0.635474 0.153150 0.155583
0 0.391260 0.508036 0.010520 0.017003
0 0.382653 0.509736 0.006695 0.013602
0 0.375001 0.509736 0.008608 0.013602
0 0.521907 0.565538 0.048711 0.061856
