0 0.945057 0.517271 0.013729 0.016780
0 0.920603 0.518034 0.026600 0.015254
0 0.881990 0.518797 0.011155 0.016780
0 0.828791 0.521847 0.035180 0.028983
0 0.772760 0.525661 0.017161 0.021356
0 0.695107 0.532525 0.036896 0.032034
0 0.638593 0.528612 0.020531 0.018105
0 0.606813 0.532525 0.039470 0.035085
0 0.590510 0.540152 0.046335 0.028983
0 0.565198 0.526424 0.024883 0.022881
0 0.533450 0.543966 0.043761 0.024407
0 0.486257 0.532525 0.030032 0.035085
0 0.438636 0.537864 0.084089 0.048814
0 0.379859 0.554644 0.059205 0.042712
0 0.342963 0.550068 0.055773 0.045763
0 0.308212 0.556932 0.034322 0.038136
0 0.268375 0.546054 0.042044 0.044237
