0 0.514492 0.624640 0.017316 0.027721
0 0.494919 0.631340 0.021830 0.051283
0 0.482527 0.632495 0.015429 0.051745
0 0.467795 0.631571 0.023389 0.063758
0 0.540822 0.626950 0.015593 0.019405
0 0.552517 0.633188 0.010915 0.023563
0 0.567720 0.640118 0.017932 0.037423
0 0.571228 0.644969 0.014034 0.027721
0 0.579415 0.646355 0.013254 0.036037
0 0.602414 0.658829 0.038982 0.077618
0 0.636719 0.675462 0.067050 0.088706
0 0.287827 0.631109 0.175420 0.238398
0 0.387995 0.639629 0.031152 0.100203
0 0.849521 0.691731 0.121625 0.103953
0 0.779076 0.660340 0.035310 0.041991
0 0.127316 0.692010 0.251825 0.295855
0 0.714779 0.732520 0.149692 0.184343
0 0.429890 0.634275 0.058488 0.083184
