0 0.438893 0.407288 0.007722 0.009153
0 0.433316 0.412627 0.008581 0.013729
0 0.429883 0.416441 0.006864 0.009153
0 0.422161 0.423305 0.010297 0.013729
0 0.417871 0.430932 0.010297 0.013729
0 0.410148 0.432458 0.010297 0.016780
0 0.396419 0.433983 0.017161 0.013729
0 0.375397 0.431695 0.024883 0.024407
0 0.355662 0.426356 0.016303 0.032034
0 0.335927 0.447712 0.055773 0.080847
0 0.299031 0.481271 0.060922 0.090000
0 0.463776 0.404237 0.007722 0.009153
0 0.455196 0.404237 0.009439 0.009153
0 0.453480 0.414915 0.009439 0.009153
0 0.450048 0.424830 0.016303 0.013729
0 0.487802 0.402712 0.011155 0.009153
0 0.489089 0.411864 0.013729 0.009153
0 0.489947 0.421017 0.012013 0.012203
0 0.471499 0.401949 0.009439 0.010678
0 0.402855 0.556780 0.163888 0.234915
1 0.165518 0.456102 0.240083 0.320339
