0 0.445095 0.492782 0.014041 0.031202
0 0.428714 0.489661 0.025742 0.041602
0 0.420523 0.495902 0.016381 0.049923
0 0.405312 0.494862 0.021061 0.060324
0 0.366700 0.494862 0.065524 0.093606
0 0.256713 0.465740 0.091265 0.043683
0 0.253788 0.497982 0.043293 0.062404
0 0.190604 0.481341 0.064354 0.058243
0 0.503013 0.486541 0.008190 0.018721
0 0.507108 0.494862 0.011701 0.031202
0 0.514129 0.493822 0.011701 0.054083
0 0.524074 0.493822 0.024571 0.054083
0 0.534605 0.500062 0.038612 0.062404
0 0.541040 0.509423 0.023401 0.072804
0 0.577898 0.512543 0.078395 0.116487
0 0.624115 0.551025 0.105306 0.172650
0 0.749430 0.608228 0.267946 0.316179
0 0.298251 0.531264 0.101796 0.120647
2 0.309630 0.455399 0.072544 0.031202
0 0.118908 0.594767 0.236354 0.247535
0 0.878869 0.662223 0.239864 0.672475
