0 0.471128 0.555913 0.009946 0.017681
0 0.464693 0.558513 0.007605 0.014561
0 0.437196 0.557993 0.011116 0.015601
0 0.428421 0.565794 0.007605 0.027042
0 0.422571 0.566834 0.007605 0.033282
0 0.416720 0.566314 0.006435 0.030162
0 0.409700 0.569434 0.015796 0.044723
0 0.395659 0.569434 0.022816 0.042643
0 0.387761 0.576194 0.021061 0.041602
0 0.372843 0.578274 0.028667 0.041602
0 0.358802 0.581394 0.025156 0.043683
0 0.338618 0.586075 0.035102 0.055123
0 0.293863 0.585555 0.071959 0.081125
0 0.229217 0.606356 0.080735 0.093606
0 0.139414 0.625597 0.119932 0.123767
0 0.533435 0.555913 0.009361 0.019761
0 0.542795 0.555913 0.012871 0.026002
0 0.559469 0.555913 0.022816 0.040562
0 0.568537 0.563713 0.019891 0.043683
0 0.590183 0.566314 0.028082 0.055123
0 0.599836 0.575154 0.008776 0.043683
2 0.633476 0.563193 0.069034 0.107126
0 0.658339 0.582434 0.053238 0.104006
0 0.739250 0.565794 0.146493 0.199692
0 0.051366 0.650559 0.101796 0.157049
0 0.449482 0.569954 0.034517 0.045763
0 0.501258 0.576194 0.051483 0.074884
0 0.896800 0.646398 0.203007 0.267296
