0 0.368235 0.425773 0.010438 0.018557
0 0.364175 0.439175 0.011598 0.016495
0 0.359536 0.472165 0.053351 0.065979
0 0.335760 0.453608 0.012758 0.012371
0 0.329381 0.464949 0.016237 0.030928
0 0.323003 0.469072 0.012758 0.035052
0 0.317204 0.472165 0.012758 0.037113
0 0.277771 0.469072 0.073067 0.096907
0 0.240657 0.471134 0.012758 0.035052
0 0.222680 0.488660 0.041753 0.070103
0 0.195425 0.495876 0.045232 0.101031
0 0.138595 0.502062 0.093943 0.134021
0 0.053351 0.520619 0.106701 0.183505
0 0.401289 0.457732 0.016237 0.028866
0 0.412887 0.434021 0.009278 0.014433
0 0.414626 0.453608 0.008119 0.028866
0 0.420425 0.460825 0.010438 0.030928
0 0.430863 0.465979 0.019716 0.041237
0 0.436083 0.476289 0.018557 0.045361
0 0.444201 0.474227 0.023196 0.057732
0 0.456959 0.484536 0.020876 0.065979
0 0.477255 0.489691 0.033634 0.101031
0 0.488853 0.493815 0.049871 0.084536
0 0.514949 0.503093 0.085825 0.140206
0 0.595554 0.530928 0.156572 0.204124
0 0.803295 0.606669 0.389415 0.483441
0 0.385052 0.419588 0.011598 0.018557
