0 0.335821 0.463575 0.034118 0.043325
0 0.355317 0.462709 0.014622 0.038126
0 0.372377 0.462709 0.027295 0.041592
0 0.386024 0.467908 0.011698 0.027728
0 0.390898 0.465308 0.011698 0.036393
0 0.455235 0.458376 0.017547 0.022529
0 0.463034 0.467908 0.009748 0.041592
0 0.481068 0.480039 0.041917 0.062388
0 0.498614 0.457510 0.008773 0.020796
0 0.507387 0.457510 0.012673 0.020796
0 0.517136 0.463575 0.014622 0.036393
0 0.525909 0.466175 0.012673 0.031194
0 0.535657 0.470507 0.016572 0.053723
0 0.554178 0.472240 0.034118 0.060655
0 0.583422 0.486104 0.045816 0.060655
0 0.623877 0.501701 0.056539 0.084917
0 0.654096 0.509500 0.058488 0.100514
2 0.836385 0.376926 0.323636 0.750385
1 0.411369 0.454910 0.046791 0.043325
