0 0.538688 0.220663 0.010527 0.014972
0 0.552023 0.223158 0.025968 0.014972
0 0.520792 0.222534 0.032284 0.018715
0 0.478331 0.248112 0.025968 0.059889
0 0.449206 0.249360 0.060357 0.079852
0 0.422185 0.263084 0.058251 0.082347
0 0.371303 0.274313 0.092641 0.097320
0 0.256906 0.299891 0.175456 0.180915
0 0.673339 0.231892 0.018949 0.044917
0 0.658600 0.237507 0.028775 0.063632
0 0.698955 0.239378 0.049128 0.052403
0 0.733345 0.247488 0.035091 0.081100
0 0.758961 0.253103 0.054041 0.104806
0 0.815107 0.259965 0.105976 0.138493
0 0.881380 0.294276 0.141067 0.152218
0 0.107379 0.367349 0.214758 0.275739
0 0.612693 0.250690 0.098256 0.122274
0 0.560197 0.382666 0.226268 0.318161
0 0.957991 0.307555 0.082815 0.210859
