0 0.268472 0.342071 0.029897 0.040394
0 0.228410 0.343347 0.035876 0.040394
0 0.383275 0.316772 0.020330 0.012756
0 0.364141 0.355039 0.058597 0.063780
0 0.306142 0.352913 0.059793 0.085039
0 0.434100 0.307205 0.016742 0.014882
0 0.449646 0.318898 0.023917 0.021260
0 0.489109 0.324213 0.031093 0.010630
0 0.495089 0.357165 0.050226 0.059528
0 0.361152 0.307205 0.011959 0.014882
0 0.378492 0.307205 0.010763 0.014882
0 0.154865 0.327402 0.039464 0.034016
0 0.478945 0.321024 0.025113 0.025512
0 0.480140 0.306142 0.022721 0.021260
0 0.455625 0.308268 0.016742 0.017008
0 0.412574 0.316772 0.011959 0.012756
2 0.406595 0.308268 0.011959 0.025512
2 0.071154 0.299764 0.142308 0.076535
2 0.133504 0.500669 0.264286 0.346536
2 0.415728 0.505984 0.254720 0.340158
3 0.585975 0.359291 0.011959 0.034016
0 0.911572 0.311457 0.174283 0.159449
