0 0.514919 0.418230 0.085620 0.125184
0 0.581734 0.398314 0.048011 0.062592
0 0.668554 0.394047 0.042410 0.048367
0 0.270062 0.385511 0.063215 0.065437
0 0.767377 0.408272 0.059214 0.051212
0 0.208448 0.381955 0.060014 0.052634
0 0.309271 0.369152 0.029607 0.038409
0 0.427299 0.392624 0.038409 0.082508
0 0.450904 0.382666 0.036008 0.059747
0 0.476110 0.376976 0.019204 0.034141
0 0.555328 0.395469 0.014403 0.054057
0 0.615342 0.386223 0.024006 0.027028
0 0.106825 0.501449 0.212049 0.559062
0 0.883004 0.513541 0.231253 0.557640
2 0.770178 0.370574 0.064815 0.046944
