0 0.484383 0.520533 0.012895 0.022925
0 0.470772 0.523262 0.017193 0.025472
0 0.461459 0.524536 0.018626 0.038208
0 0.444265 0.527083 0.032954 0.053491
0 0.436385 0.534724 0.031521 0.053491
0 0.415610 0.528356 0.035820 0.081510
0 0.388387 0.528356 0.041551 0.106981
0 0.332508 0.538545 0.104593 0.137547
0 0.513756 0.524536 0.014328 0.028019
0 0.518054 0.525809 0.014328 0.035660
0 0.530233 0.528356 0.024357 0.050943
0 0.546710 0.535998 0.045849 0.076415
0 0.568201 0.543639 0.051580 0.081510
0 0.627662 0.550007 0.113190 0.170661
0 0.194245 0.561470 0.200590 0.208868
0 0.818939 0.627696 0.361062 0.295472
