0 0.249681 0.455051 0.058546 0.084184
0 0.169611 0.458878 0.118814 0.122449
0 0.310380 0.452449 0.050797 0.064286
0 0.344388 0.450153 0.027551 0.050510
0 0.360746 0.441735 0.024107 0.042857
0 0.387006 0.436378 0.014636 0.032143
0 0.400351 0.438674 0.018941 0.027551
0 0.415848 0.437143 0.017219 0.027551
0 0.429624 0.438674 0.012054 0.021429
0 0.442538 0.436378 0.010332 0.016837
0 0.539053 0.444031 0.014636 0.029082
0 0.553259 0.447857 0.020663 0.033673
0 0.574783 0.453980 0.025829 0.033673
0 0.588301 0.463470 0.025313 0.040408
0 0.709956 0.496990 0.030651 0.092143
0 0.764240 0.509771 0.094965 0.111582
0 0.883785 0.526531 0.229018 0.393368
0 0.013776 0.486735 0.027551 0.165306
0 0.492819 0.453521 0.055102 0.093367
0 0.658238 0.460754 0.070135 0.102311
