0 0.872023 0.511695 0.042004 0.061497
0 0.452390 0.456055 0.021414 0.032213
0 0.465980 0.457519 0.014001 0.035141
0 0.473804 0.468501 0.016472 0.033677
0 0.489865 0.478611 0.023885 0.045669
0 0.376206 0.443609 0.015649 0.024892
0 0.368381 0.453859 0.014825 0.024892
0 0.360145 0.459715 0.018120 0.036605
0 0.339143 0.457519 0.032121 0.035141
0 0.337496 0.502177 0.074949 0.048319
0 0.197722 0.480447 0.046463 0.054640
0 0.185950 0.606136 0.186961 0.200596
0 0.052000 0.568799 0.104000 0.158134
0 0.058701 0.723273 0.115306 0.335304
0 0.892202 0.698381 0.212493 0.294306
0 0.357372 0.704752 0.289308 0.368545
0 0.406982 0.437580 0.014622 0.019063
0 0.781796 0.519031 0.116977 0.109178
