0 0.217621 0.404112 0.029975 0.037303
2 0.182650 0.415658 0.033972 0.046184
0 0.134489 0.444079 0.042881 0.039079
0 0.064247 0.459178 0.030975 0.033750
0 0.029376 0.486711 0.058752 0.071053
0 0.439438 0.399671 0.023980 0.028421
0 0.455925 0.418322 0.026978 0.037303
0 0.478906 0.441414 0.046961 0.058618
0 0.507382 0.476053 0.045962 0.063947
0 0.094722 0.481382 0.067944 0.081711
0 0.371994 0.544441 0.184848 0.285987
0 0.803139 0.633257 0.393676 0.460066
2 0.548848 0.515132 0.086928 0.113684
2 0.640273 0.494704 0.095921 0.104803
0 0.373450 0.383239 0.009356 0.015246
