0 0.509841 0.742223 0.017780 0.043844
0 0.518731 0.742733 0.020648 0.050982
0 0.539953 0.746302 0.045884 0.066276
0 0.551710 0.752929 0.036133 0.069335
0 0.570009 0.752662 0.032692 0.100944
0 0.601671 0.756265 0.069399 0.105023
0 0.611995 0.771468 0.071693 0.110956
1 0.407313 0.731930 0.036133 0.049962
0 0.396798 0.748924 0.020074 0.035687
0 0.385614 0.753512 0.028677 0.042825
0 0.370702 0.760140 0.026383 0.045884
1 0.208043 0.728788 0.242040 0.303458
0 0.081189 0.802926 0.037854 0.087689
0 0.050504 0.798847 0.077429 0.071375
0 0.031228 0.818789 0.062456 0.106042
0 0.689485 0.782592 0.136504 0.153965
0 0.850439 0.821868 0.290788 0.244713
1 0.442140 0.742144 0.012618 0.025491
0 0.467544 0.747177 0.021795 0.021412
