0 0.073202 0.513523 0.146405 0.188499
0 0.212475 0.494891 0.144153 0.164746
0 0.470748 0.429298 0.025742 0.048814
0 0.638497 0.416332 0.021451 0.068644
0 0.605462 0.405654 0.027458 0.035085
0 0.531670 0.414806 0.017161 0.016780
0 0.502925 0.435073 0.045477 0.059492
0 0.568566 0.421344 0.068644 0.123559
0 0.393523 0.481598 0.154449 0.176949
0 0.690593 0.396174 0.086663 0.140339
0 0.767817 0.380920 0.035180 0.048814
0 0.797849 0.379395 0.062638 0.057966
0 0.863919 0.348123 0.023167 0.032034
0 0.906393 0.335920 0.024025 0.044237
0 0.937711 0.334395 0.036896 0.044237
0 0.981901 0.326767 0.030890 0.047288
