0 0.463875 0.409123 0.016795 0.031990
0 0.484269 0.409123 0.023993 0.066114
0 0.444081 0.415521 0.020394 0.027725
0 0.429085 0.418720 0.019194 0.034123
0 0.638170 0.387796 0.020900 0.040521
0 0.658217 0.388862 0.021594 0.046919
0 0.679211 0.382464 0.022793 0.055450
0 0.696006 0.385663 0.027592 0.057583
0 0.712801 0.384597 0.020394 0.059716
0 0.756588 0.385663 0.079176 0.091706
0 0.226358 0.478433 0.064756 0.072507
0 0.352908 0.477369 0.176348 0.198341
0 0.561046 0.451777 0.158353 0.249526
0 0.053790 0.514692 0.107581 0.183412
