0 0.539304 0.505155 0.016237 0.028866
0 0.524807 0.498969 0.017397 0.032990
0 0.510309 0.495876 0.020876 0.035052
0 0.492912 0.498969 0.030155 0.045361
0 0.552642 0.501031 0.015077 0.028866
0 0.433183 0.504124 0.052191 0.055670
0 0.258054 0.464949 0.033634 0.035052
0 0.223840 0.463918 0.048711 0.045361
0 0.147294 0.454639 0.064948 0.047423
0 0.303286 0.515808 0.117139 0.117526
0 0.067848 0.558076 0.135696 0.181443
0 0.582217 0.505498 0.023196 0.039175
0 0.627449 0.502406 0.020876 0.028866
0 0.639046 0.503437 0.020876 0.035052
0 0.647165 0.509622 0.013918 0.043299
0 0.662822 0.512715 0.031314 0.057732
0 0.693557 0.520962 0.051031 0.082474
0 0.713853 0.529210 0.059149 0.074227
0 0.749807 0.549828 0.100902 0.107217
0 0.927255 0.635395 0.142655 0.377320
