0 0.482042 0.492170 0.012673 0.034660
0 0.491791 0.496502 0.018521 0.036393
0 0.513236 0.500835 0.039967 0.065854
0 0.517623 0.510366 0.021446 0.057189
0 0.530295 0.514699 0.025345 0.065854
0 0.567826 0.533761 0.061413 0.117843
0 0.542968 0.519898 0.033143 0.079718
0 0.652634 0.520764 0.156944 0.230488
0 0.412344 0.500835 0.013647 0.051990
0 0.405033 0.500835 0.014622 0.051990
0 0.385537 0.506034 0.034118 0.062388
0 0.362141 0.518165 0.039967 0.065854
0 0.318275 0.523364 0.080909 0.097048
0 0.232492 0.555424 0.145246 0.175032
0 0.108204 0.591817 0.216407 0.292876
0 0.829074 0.608280 0.340208 0.311939
2 0.443050 0.477439 0.071161 0.157702
