0 0.100405 0.595283 0.198861 0.632542
0 0.229567 0.516432 0.242727 0.305007
0 0.345082 0.495636 0.072136 0.180231
0 0.377738 0.495636 0.032169 0.100514
0 0.391385 0.494769 0.028269 0.074519
0 0.404545 0.491303 0.017547 0.064121
0 0.415268 0.483505 0.015597 0.058922
0 0.423067 0.478306 0.015597 0.045058
0 0.432815 0.476573 0.013647 0.045058
0 0.712097 0.542426 0.162793 0.169833
4 0.623877 0.513832 0.050690 0.109178
2 0.654583 0.464442 0.225181 0.169833
0 0.561977 0.489570 0.049715 0.071053
0 0.529808 0.486971 0.028269 0.038126
0 0.520060 0.478306 0.036068 0.034660
0 0.507875 0.480905 0.019496 0.046791
0 0.480093 0.476573 0.043866 0.027728
