0 0.026874 0.485436 0.051153 0.058918
0 0.529401 0.450854 0.014409 0.017932
0 0.560742 0.484796 0.030980 0.049953
0 0.767156 0.513615 0.083574 0.079412
0 0.503788 0.445731 0.011528 0.019213
0 0.490460 0.446371 0.010807 0.020493
0 0.480733 0.450214 0.011528 0.017932
0 0.474609 0.452775 0.009366 0.017932
0 0.469206 0.453416 0.010087 0.019213
0 0.460921 0.457899 0.013689 0.025617
0 0.449753 0.459820 0.018732 0.026898
0 0.437505 0.463662 0.012968 0.021774
0 0.425978 0.470707 0.018732 0.035863
0 0.414090 0.469426 0.015130 0.043548
0 0.389234 0.475190 0.043228 0.057638
0 0.612940 0.461101 0.022335 0.026898
1 0.583761 0.448933 0.031701 0.056357
