0 0.265171 0.547734 0.023730 0.030469
0 0.235508 0.548906 0.025049 0.032812
0 0.223643 0.562968 0.019775 0.028125
0 0.208482 0.560625 0.015820 0.032812
0 0.188707 0.566484 0.026367 0.039844
0 0.157725 0.566484 0.038232 0.039844
0 0.099058 0.580546 0.065918 0.053906
0 0.458970 0.558281 0.021094 0.037500
0 0.466880 0.559453 0.015820 0.035156
0 0.475449 0.559453 0.014502 0.044531
0 0.491270 0.560625 0.025049 0.051562
0 0.511045 0.564140 0.030322 0.053906
0 0.526865 0.568828 0.027686 0.053906
0 0.643540 0.593437 0.089648 0.103125
0 0.559165 0.581718 0.047461 0.056250
0 0.312632 0.589684 0.076465 0.087193
0 0.749668 0.615703 0.170068 0.166406
0 0.434580 0.551250 0.014502 0.023437
