0 0.440611 0.468580 0.005353 0.010876
0 0.432581 0.465181 0.007647 0.012236
0 0.425316 0.467900 0.008412 0.017674
0 0.420346 0.467900 0.009177 0.025831
0 0.462023 0.464501 0.006883 0.008157
0 0.479230 0.467221 0.006118 0.010876
0 0.497201 0.469940 0.009941 0.016314
0 0.506377 0.469260 0.008412 0.020393
0 0.514025 0.472659 0.009941 0.019033
0 0.522819 0.476737 0.016824 0.032628
0 0.405051 0.472659 0.018353 0.016314
0 0.534672 0.478776 0.025236 0.028550
0 0.267272 0.487387 0.107827 0.159063
0 0.469543 0.470393 0.013765 0.023112
0 0.451190 0.467674 0.013765 0.020393
0 0.487896 0.473112 0.013765 0.023112
0 0.820936 0.510498 0.214124 0.206647
0 0.711962 0.490785 0.029824 0.039426
