0 0.556045 0.412597 0.015024 0.021853
0 0.566288 0.411383 0.016389 0.029137
0 0.576531 0.408955 0.015024 0.033993
0 0.590189 0.407741 0.025950 0.046133
0 0.591555 0.413811 0.017755 0.038849
0 0.601115 0.417453 0.028681 0.055845
0 0.622285 0.422309 0.038242 0.060701
0 0.645503 0.421095 0.043705 0.097122
0 0.694672 0.432021 0.122921 0.152968
0 0.832616 0.461158 0.234915 0.245234
0 0.516437 0.413811 0.012292 0.014568
0 0.506876 0.407741 0.006829 0.036421
0 0.494584 0.410169 0.015024 0.041277
0 0.485024 0.412597 0.017755 0.036421
0 0.470000 0.413811 0.025950 0.058273
0 0.458391 0.421095 0.021853 0.058273
0 0.442685 0.418667 0.017755 0.067986
2 0.402394 0.421095 0.079215 0.121403
0 0.342299 0.452660 0.090142 0.126259
0 0.212550 0.491509 0.248573 0.213669
0 0.975340 0.526715 0.047802 0.201529
0 0.013402 0.563136 0.026803 0.167536
