0 0.630335 0.508509 0.115027 0.152503
0 0.451945 0.476449 0.046791 0.060655
0 0.225790 0.455653 0.046791 0.050257
0 0.512871 0.463451 0.032169 0.041592
0 0.480215 0.440056 0.015597 0.025995
0 0.353977 0.440056 0.018521 0.022529
0 0.348616 0.429658 0.013647 0.022529
0 0.370061 0.433124 0.013647 0.022529
0 0.383221 0.426192 0.014622 0.015597
0 0.356902 0.420127 0.012673 0.017330
0 0.386633 0.413195 0.009748 0.013864
0 0.391507 0.423593 0.005849 0.017330
0 0.400280 0.407129 0.009748 0.012131
0 0.400768 0.420127 0.008773 0.013864
2 0.418314 0.395865 0.008773 0.020796
0 0.425625 0.399331 0.007798 0.013864
0 0.430987 0.398464 0.006824 0.015597
0 0.446096 0.398464 0.009748 0.012131
0 0.448046 0.405396 0.007798 0.012131
0 0.449021 0.412328 0.015597 0.012131
0 0.448046 0.427059 0.011698 0.013864
0 0.448533 0.439190 0.016572 0.017330
2 0.474853 0.418394 0.016572 0.045058
0 0.463156 0.416661 0.008773 0.013864
0 0.464618 0.426192 0.005849 0.015597
0 0.684437 0.458253 0.032169 0.038126
0 0.489110 0.413752 0.010723 0.015597
0 0.248089 0.426316 0.030219 0.017330
0 0.202760 0.416785 0.017547 0.019063
1 0.234968 0.400000 0.082595 0.069198
