0 0.811318 0.480468 0.195117 0.206250
0 0.708618 0.472265 0.054053 0.110156
0 0.675632 0.453580 0.030268 0.049897
0 0.640722 0.412500 0.036914 0.046875
0 0.634790 0.466269 0.059326 0.075274
0 0.595898 0.448359 0.021094 0.053906
0 0.528662 0.452343 0.025049 0.035156
0 0.559643 0.451172 0.023730 0.037500
0 0.580737 0.451172 0.013184 0.032812
0 0.498340 0.456328 0.026367 0.039844
0 0.478564 0.444609 0.015820 0.021094
0 0.462085 0.491015 0.067236 0.100781
0 0.295297 0.576315 0.245185 0.300494
0 0.105469 0.569531 0.192480 0.145312
0 0.415161 0.476658 0.028847 0.040195
