0 0.093169 0.425529 0.066531 0.073414
0 0.163524 0.449320 0.057355 0.042145
0 0.211320 0.448640 0.053531 0.046224
0 0.155495 0.405589 0.035177 0.038066
0 0.129494 0.396072 0.016824 0.043505
0 0.228909 0.401511 0.042825 0.027190
0 0.225850 0.370468 0.030589 0.017674
0 0.515044 0.432326 0.020648 0.021752
0 0.523456 0.460196 0.029824 0.039426
0 0.555575 0.389955 0.022177 0.023112
0 0.578899 0.398112 0.016824 0.023112
0 0.617900 0.412387 0.018353 0.024471
0 0.678951 0.422583 0.020648 0.020393
0 0.722541 0.430740 0.019118 0.023112
0 0.759630 0.432779 0.015295 0.019033
0 0.863123 0.458837 0.059649 0.055740
0 0.945331 0.454758 0.026765 0.023112
0 0.440738 0.500302 0.022942 0.103323
0 0.142494 0.343958 0.019883 0.019033
0 0.225850 0.335121 0.009177 0.012236
1 0.346094 0.428733 0.188123 0.376586
