0 0.405033 0.544159 0.018521 0.034660
0 0.437201 0.555424 0.028269 0.039859
0 0.412831 0.568421 0.038018 0.048524
0 0.471320 0.540693 0.047766 0.093582
0 0.473757 0.556290 0.023395 0.065854
0 0.504463 0.548492 0.055564 0.095315
0 0.542968 0.544159 0.076035 0.124775
0 0.621440 0.538094 0.133549 0.181964
0 0.810065 0.514699 0.302190 0.315404
0 0.348494 0.549358 0.032169 0.031194
0 0.317300 0.581419 0.022421 0.029461
0 0.301703 0.595283 0.030219 0.039859
0 0.272946 0.606547 0.031194 0.041592
0 0.250038 0.616079 0.026320 0.046791
0 0.231029 0.625610 0.033143 0.065854
0 0.186676 0.637741 0.090657 0.124775
0 0.105767 0.694930 0.117952 0.121309
0 0.034118 0.734788 0.068237 0.176765
0 0.947026 0.546759 0.104304 0.268614
