0 0.027669 0.549567 0.055010 0.167953
0 0.112576 0.465591 0.224823 0.242362
0 0.241729 0.453898 0.086102 0.121181
0 0.667458 0.426260 0.083711 0.112677
0 0.770302 0.426260 0.157854 0.159449
0 0.900652 0.478347 0.193730 0.276378
0 0.440841 0.370984 0.015546 0.019134
0 0.424099 0.375236 0.015546 0.023386
0 0.409151 0.383740 0.016742 0.023386
0 0.394800 0.382677 0.016742 0.029764
0 0.373873 0.390118 0.032288 0.040394
0 0.455790 0.367795 0.016742 0.017008
0 0.455192 0.408189 0.022721 0.072283
0 0.514985 0.441142 0.123174 0.176457
