0 0.429159 0.539827 0.010723 0.020796
0 0.425747 0.545892 0.009748 0.019063
0 0.417949 0.545026 0.013647 0.024262
0 0.406251 0.549358 0.019496 0.032927
0 0.387242 0.546759 0.012673 0.027728
0 0.347763 0.545026 0.029244 0.031194
0 0.367746 0.555424 0.030219 0.038126
0 0.327779 0.553691 0.043866 0.038126
0 0.474488 0.549358 0.015597 0.032927
0 0.502270 0.548492 0.038018 0.041592
0 0.551010 0.562356 0.038018 0.045058
0 0.803485 0.562356 0.063363 0.072786
0 0.862949 0.558023 0.112103 0.105712
0 0.947757 0.563222 0.102355 0.116110
