0 0.413409 0.456888 0.006027 0.013776
0 0.419005 0.459949 0.010332 0.013776
0 0.422449 0.462245 0.006888 0.015306
0 0.427615 0.462245 0.010332 0.021429
0 0.431489 0.466072 0.009471 0.022959
0 0.441391 0.470663 0.020663 0.032143
0 0.449570 0.476786 0.009471 0.047449
0 0.455166 0.477551 0.012054 0.045918
0 0.463776 0.474490 0.017219 0.055102
0 0.481856 0.475255 0.039605 0.062755
0 0.501228 0.485204 0.049075 0.067347
0 0.543846 0.496939 0.070600 0.101020
0 0.745026 0.475510 0.084375 0.088776
0 0.391024 0.457908 0.007749 0.010714
0 0.384997 0.461735 0.009471 0.015306
0 0.375957 0.459439 0.008610 0.013776
0 0.369930 0.460970 0.010332 0.013776
0 0.362612 0.462500 0.012915 0.016837
0 0.355294 0.465561 0.017219 0.022959
0 0.343240 0.464031 0.012054 0.022959
0 0.304066 0.479337 0.023246 0.038265
0 0.285124 0.477041 0.026690 0.052041
0 0.181521 0.487755 0.061129 0.085714
0 0.636831 0.518112 0.170472 0.212755
0 0.334630 0.466837 0.027551 0.033673
0 0.253699 0.477551 0.055102 0.070408
0 0.124123 0.501276 0.112787 0.105612
0 0.961578 0.760460 0.074904 0.393368
