0 0.827612 0.681932 0.341183 0.358729
0 0.071648 0.582285 0.141347 0.311939
0 0.123313 0.581419 0.114053 0.199294
0 0.179365 0.571021 0.097481 0.181964
0 0.233466 0.564089 0.090657 0.143838
0 0.283669 0.558890 0.056539 0.123042
0 0.309014 0.549358 0.044841 0.090116
0 0.331435 0.551091 0.027295 0.069320
0 0.348006 0.539827 0.033143 0.060655
0 0.369940 0.540693 0.020471 0.038126
0 0.385537 0.538960 0.012673 0.027728
0 0.399184 0.533761 0.016572 0.027728
0 0.657508 0.601348 0.162793 0.211425
0 0.567338 0.584885 0.089682 0.136906
0 0.534682 0.578819 0.041917 0.097048
0 0.523472 0.567555 0.052640 0.084917
0 0.485454 0.560623 0.040942 0.060655
0 0.462059 0.543293 0.023395 0.036393
0 0.446949 0.538094 0.012673 0.025995
0 0.439151 0.539827 0.012673 0.025995
0 0.426966 0.541560 0.019496 0.022529
