0 0.330964 0.442352 0.014007 0.023123
0 0.312454 0.442352 0.021010 0.033794
2 0.280939 0.437416 0.040020 0.070168
0 0.255893 0.444341 0.042088 0.079619
0 0.206902 0.462806 0.068034 0.078261
0 0.166882 0.479704 0.062031 0.101383
0 0.079942 0.505312 0.154248 0.140625
0 0.375986 0.448577 0.030015 0.039130
0 0.400998 0.441463 0.024012 0.046245
0 0.424622 0.448577 0.021235 0.035573
0 0.524059 0.470810 0.042021 0.055138
0 0.473534 0.468142 0.063031 0.096047
0 0.623608 0.485040 0.095047 0.104941
0 0.828209 0.541067 0.218108 0.163636
0 0.888239 0.733162 0.222110 0.419763
0 0.950871 0.571496 0.097251 0.127680
