0 0.540127 0.357906 0.006757 0.009240
0 0.532764 0.356058 0.004158 0.012936
0 0.528865 0.357906 0.004678 0.012936
0 0.524967 0.356982 0.004158 0.014784
0 0.521069 0.357444 0.006757 0.017556
0 0.517171 0.356982 0.008316 0.018480
0 0.510154 0.356520 0.012994 0.028645
0 0.498199 0.361602 0.019231 0.035113
0 0.482346 0.366684 0.023909 0.047125
0 0.469352 0.370380 0.020791 0.069302
0 0.437127 0.367146 0.066530 0.097947
0 0.546797 0.354672 0.007277 0.012012
0 0.551995 0.357906 0.008316 0.011088
0 0.556413 0.357444 0.006757 0.015708
0 0.561351 0.357444 0.007277 0.021253
0 0.568627 0.360216 0.013514 0.024949
0 0.587079 0.362064 0.031706 0.052669
0 0.603192 0.370842 0.029627 0.057290
0 0.633598 0.373614 0.062372 0.085010
0 0.642174 0.395329 0.034824 0.067454
0 0.671281 0.408727 0.077445 0.092402
0 0.688173 0.364836 0.048858 0.058214
0 0.413218 0.396869 0.068609 0.085934
0 0.916003 0.404723 0.133060 0.088706
0 0.943637 0.408881 0.110710 0.106263
0 0.034276 0.389255 0.067050 0.112731
2 0.795990 0.350908 0.151771 0.124743
