0 0.638614 0.413741 0.017944 0.030624
0 0.647945 0.417569 0.013637 0.038280
0 0.670913 0.423311 0.022250 0.044660
0 0.735869 0.425863 0.030145 0.052316
0 0.699982 0.425863 0.054549 0.067628
2 0.627759 0.402097 0.020994 0.050721
2 0.672707 0.386307 0.024403 0.037004
0 0.524493 0.408637 0.012202 0.030624
0 0.478557 0.418845 0.030863 0.051040
0 0.364794 0.429053 0.094025 0.104631
0 0.369460 0.374185 0.080388 0.063800
2 0.437646 0.398429 0.026557 0.066352
2 0.415754 0.395239 0.025839 0.080388
2 0.186076 0.388221 0.186614 0.188847
2 0.088044 0.423417 0.175130 0.207987
0 0.802201 0.440218 0.104791 0.119943
0 0.960105 0.454466 0.077517 0.149291
0 0.507805 0.407297 0.016508 0.040832
0 0.573120 0.406659 0.006460 0.011484
