0 0.533727 0.417585 0.023986 0.038482
0 0.550167 0.416155 0.014743 0.023141
0 0.579126 0.408224 0.034985 0.055123
0 0.441760 0.413945 0.033347 0.076965
0 0.352834 0.426425 0.033347 0.045763
0 0.305037 0.426425 0.025742 0.037442
0 0.275200 0.422785 0.040952 0.046803
0 0.242438 0.430065 0.046803 0.046803
0 0.194056 0.433316 0.054174 0.051223
0 0.080793 0.447226 0.157842 0.123247
0 0.398409 0.427985 0.076055 0.087365
0 0.486164 0.420705 0.086585 0.131048
0 0.582987 0.429545 0.036857 0.046803
0 0.159714 0.437606 0.024571 0.059284
0 0.851412 0.554224 0.294049 0.362199
