0 0.330343 0.623430 0.017313 0.033765
0 0.462059 0.608280 0.015597 0.045058
0 0.486429 0.620411 0.009748 0.017330
0 0.493253 0.627343 0.015597 0.027728
0 0.516648 0.629076 0.031194 0.031194
0 0.575624 0.653338 0.039967 0.058922
3 0.642398 0.683665 0.017547 0.053723
0 0.716971 0.676733 0.119901 0.126508
0 0.837360 0.713126 0.204710 0.164634
0 0.397722 0.686265 0.152070 0.242619
0 0.528346 0.673267 0.077985 0.088383
0 0.952875 0.766849 0.092607 0.192362
0 0.238828 0.661136 0.027295 0.074519
2 0.123801 0.575353 0.247601 0.700129
