0 0.470832 0.526829 0.013647 0.017330
0 0.486917 0.536361 0.016572 0.029461
0 0.528346 0.539827 0.015597 0.022529
0 0.708198 0.577086 0.055564 0.058922
0 0.767661 0.577953 0.075060 0.081451
0 0.974320 0.671534 0.047766 0.185430
0 0.874890 0.652471 0.242727 0.240886
2 0.567826 0.554557 0.075060 0.107445
0 0.393822 0.515565 0.011698 0.015597
0 0.377738 0.519031 0.008773 0.019063
0 0.357267 0.509500 0.008773 0.013864
0 0.349469 0.517298 0.006824 0.019063
0 0.341670 0.521631 0.008773 0.020796
0 0.321687 0.519898 0.031194 0.045058
0 0.274408 0.531162 0.034118 0.053723
0 0.241752 0.532028 0.058488 0.055456
0 0.177415 0.532895 0.085783 0.081451
0 0.086270 0.537227 0.104304 0.103980
2 0.020958 0.540693 0.041917 0.110911
