0 0.706035 0.343618 0.057355 0.099924
0 0.539707 0.361971 0.022942 0.034668
0 0.519633 0.364011 0.017206 0.022432
0 0.503000 0.356873 0.018353 0.032628
0 0.456543 0.364011 0.026383 0.022432
0 0.060222 0.359932 0.043590 0.055060
0 0.086605 0.354834 0.045884 0.048943
0 0.131342 0.360952 0.050472 0.044864
0 0.169196 0.360952 0.034413 0.048943
0 0.189270 0.354834 0.042442 0.044864
0 0.211638 0.353814 0.029824 0.050982
0 0.248919 0.355853 0.019501 0.030589
0 0.273581 0.353814 0.039001 0.030589
0 0.298244 0.353814 0.019501 0.030589
0 0.410659 0.362991 0.040148 0.036707
