0 0.300592 0.373228 0.012919 0.011484
0 0.287673 0.371952 0.012919 0.014036
0 0.269370 0.371314 0.013637 0.015312
0 0.278342 0.372590 0.010048 0.012760
0 0.187260 0.369400 0.017944 0.021692
0 0.206280 0.370038 0.014355 0.022968
0 0.168957 0.370038 0.020097 0.020416
0 0.385932 0.373866 0.017944 0.020416
0 0.375166 0.379608 0.015073 0.024244
0 0.366194 0.389816 0.017226 0.039556
0 0.494025 0.389178 0.013637 0.022968
0 0.467827 0.386626 0.015790 0.022968
0 0.409218 0.384347 0.022968 0.034452
0 0.511497 0.404125 0.033734 0.045936
0 0.337443 0.386261 0.055984 0.079112
0 0.310528 0.382433 0.019379 0.035728
0 0.240189 0.386899 0.056702 0.062524
0 0.091102 0.418161 0.181590 0.280718
0 0.819177 0.524173 0.335272 0.276184
