0 0.401819 0.060822 0.022335 0.037901
0 0.454610 0.078870 0.018274 0.066778
0 0.331770 0.072554 0.030456 0.050535
2 0.075938 0.094211 0.081217 0.101070
0 0.054111 0.114064 0.025380 0.075802
2 0.589633 0.072554 0.089338 0.144385
0 0.368825 0.067139 0.049745 0.086631
0 0.267812 0.092406 0.077156 0.086631
0 0.165276 0.091504 0.134007 0.171457
0 0.033806 0.169111 0.065988 0.337500
0 0.511462 0.123088 0.134007 0.209358
0 0.206392 0.076163 0.057867 0.072193
2 0.948508 0.074358 0.102536 0.147995
0 0.972873 0.221451 0.051776 0.333891
2 0.427707 0.049993 0.039593 0.088436
