0 0.300472 0.429362 0.027316 0.021853
0 0.331202 0.429362 0.028681 0.050989
0 0.200770 0.423292 0.010926 0.019424
0 0.190527 0.434218 0.020487 0.036421
0 0.170040 0.433004 0.031413 0.038849
0 0.152968 0.437860 0.021853 0.038849
0 0.132481 0.430576 0.013658 0.024281
0 0.118140 0.446358 0.034145 0.036421
0 0.077167 0.439074 0.058729 0.055845
0 0.026633 0.447572 0.036876 0.053417
0 0.391980 0.423292 0.013658 0.033993
0 0.269742 0.430576 0.023218 0.029137
0 0.527192 0.423292 0.038242 0.063130
0 0.731377 0.419650 0.028681 0.041277
0 0.765522 0.412365 0.047802 0.050989
0 0.228769 0.446358 0.080581 0.080126
0 0.363981 0.426934 0.050534 0.070414
0 0.407686 0.423292 0.020487 0.029137
0 0.469147 0.434218 0.088776 0.148112
0 0.544948 0.434218 0.054631 0.070414
0 0.663088 0.460927 0.151602 0.167536
0 0.799666 0.411151 0.050534 0.053417
0 0.957756 0.409735 0.081947 0.097122
0 0.984593 0.426124 0.028681 0.070414
