0 0.571201 0.512751 0.015211 0.031202
0 0.563596 0.518991 0.014041 0.035362
0 0.556576 0.521071 0.014041 0.039522
0 0.540195 0.525231 0.028082 0.068644
0 0.499242 0.534592 0.072544 0.104006
0 0.595773 0.526272 0.026912 0.041602
0 0.616249 0.515871 0.011701 0.024961
0 0.625610 0.521071 0.014041 0.035362
0 0.640821 0.524191 0.025742 0.041602
0 0.660712 0.540832 0.028082 0.058243
0 0.692304 0.550193 0.051483 0.089445
0 0.746712 0.570994 0.099456 0.118567
0 0.909352 0.686441 0.176681 0.299538
0 0.185078 0.750925 0.368572 0.478429
0 0.420847 0.559554 0.035102 0.041602
0 0.391596 0.568914 0.063184 0.081125
