0 0.150820 0.351562 0.014766 0.031875
0 0.166113 0.350625 0.024258 0.030000
0 0.176133 0.345000 0.021094 0.033750
0 0.292992 0.338437 0.018984 0.028125
0 0.281918 0.339375 0.015820 0.022500
0 0.269789 0.338437 0.018984 0.028125
0 0.245004 0.338437 0.043242 0.031875
0 0.219164 0.346875 0.025312 0.026250
0 0.411644 0.321562 0.009492 0.016875
0 0.402152 0.324375 0.011602 0.018750
2 0.073301 0.321562 0.146602 0.151875
0 0.359754 0.328125 0.009492 0.022500
0 0.336551 0.323437 0.017930 0.013125
0 0.353426 0.330937 0.009492 0.024375
