0 0.086097 0.534184 0.052519 0.058163
0 0.030995 0.540306 0.061129 0.076531
0 0.538291 0.496137 0.009471 0.018367
0 0.546039 0.500729 0.016358 0.021429
0 0.566272 0.503025 0.025829 0.022959
0 0.525069 0.496411 0.008856 0.015853
0 0.389158 0.501276 0.018941 0.021429
0 0.370647 0.501276 0.016358 0.024490
0 0.355581 0.502041 0.020663 0.029082
0 0.344388 0.502806 0.017219 0.027551
0 0.632813 0.513521 0.024968 0.047449
0 0.650032 0.511225 0.040466 0.061225
0 0.685117 0.517857 0.063281 0.079592
0 0.852791 0.520919 0.200606 0.189796
0 0.476403 0.493368 0.020663 0.024490
0 0.455740 0.498725 0.020663 0.019898
0 0.434216 0.503317 0.022385 0.029082
0 0.411400 0.507908 0.021524 0.035204
0 0.510412 0.493368 0.019802 0.027551
0 0.589190 0.506378 0.025829 0.038265
0 0.490896 0.493368 0.011193 0.021429
