0 0.430782 0.567179 0.023133 0.017881
0 0.412175 0.564497 0.008046 0.019669
0 0.400105 0.568967 0.014081 0.032185
0 0.377978 0.568967 0.026151 0.035762
0 0.360879 0.571649 0.020116 0.048278
0 0.341266 0.577907 0.025145 0.053642
0 0.312098 0.583271 0.035203 0.067947
0 0.275889 0.581483 0.045261 0.096556
0 0.223085 0.585060 0.070406 0.107285
0 0.127032 0.600258 0.149863 0.169868
0 0.460956 0.568073 0.019110 0.016093
0 0.480066 0.569861 0.019110 0.019669
0 0.492638 0.574331 0.018104 0.028609
0 0.510240 0.576119 0.027156 0.039338
0 0.526835 0.577907 0.034197 0.060795
0 0.549969 0.592212 0.052301 0.089404
0 0.608807 0.610987 0.095550 0.116225
0 0.780295 0.677146 0.235356 0.223510
0 0.907212 0.772499 0.184570 0.351562
