0 0.316664 0.564796 0.015497 0.023878
0 0.331129 0.567551 0.015497 0.025714
0 0.342494 0.572143 0.017564 0.023878
0 0.237628 0.567551 0.016531 0.033061
0 0.205599 0.567551 0.037194 0.049592
0 0.162723 0.564796 0.044426 0.051429
0 0.098150 0.563877 0.068189 0.112041
0 0.374177 0.579337 0.018941 0.033367
0 0.386231 0.581020 0.019630 0.033061
0 0.403278 0.587449 0.037194 0.045918
0 0.481528 0.599563 0.065089 0.080816
0 0.063268 0.564428 0.071288 0.115714
0 0.045840 0.607592 0.091680 0.180000
0 0.552779 0.619898 0.102701 0.112041
0 0.271886 0.578000 0.025500 0.031918
0 0.958259 0.646530 0.080587 0.088163
0 0.891103 0.654796 0.090918 0.093673
