0 0.050659 0.423229 0.101318 0.146190
0 0.913991 0.562199 0.171570 0.395254
0 0.211975 0.500836 0.330958 0.388035
0 0.528213 0.424131 0.072080 0.111898
0 0.449026 0.389840 0.057867 0.086631
0 0.342430 0.390742 0.041624 0.048730
0 0.405880 0.390742 0.030456 0.037901
0 0.365272 0.389840 0.020304 0.043316
0 0.810948 0.481885 0.190859 0.194920
0 0.709427 0.453911 0.109642 0.113703
0 0.655621 0.442179 0.050760 0.083021
0 0.637855 0.427741 0.055836 0.083021
0 0.613998 0.408790 0.044669 0.073997
0 0.589633 0.411497 0.016243 0.057754
0 0.561207 0.390742 0.016243 0.034291
0 0.496233 0.390742 0.016243 0.034291
0 0.477452 0.384425 0.011167 0.025267
0 0.483036 0.386230 0.012182 0.018048
