0 0.248511 0.563906 0.035596 0.037500
0 0.052734 0.586171 0.100195 0.114844
0 0.066577 0.597890 0.088330 0.096094
0 0.179297 0.601406 0.152930 0.150000
0 0.330249 0.538125 0.056689 0.032812
0 0.379687 0.572109 0.052734 0.067969
0 0.423852 0.561562 0.027686 0.060937
0 0.543164 0.549843 0.042187 0.065625
0 0.787060 0.542812 0.058008 0.051562
0 0.627539 0.534609 0.015820 0.021094
0 0.654565 0.536953 0.022412 0.030469
0 0.562280 0.529922 0.014502 0.030469
2 0.698071 0.524531 0.046143 0.056250
0 0.487793 0.590156 0.110742 0.140625
0 0.309814 0.606562 0.129199 0.140625
0 0.083057 0.664687 0.163476 0.229687
