0 0.376820 0.611375 0.058502 0.073414
0 0.657972 0.583233 0.009177 0.008157
0 0.641339 0.585272 0.010324 0.012236
0 0.622412 0.587311 0.009177 0.012236
0 0.592588 0.589147 0.013765 0.018353
0 0.583411 0.591186 0.013765 0.018353
0 0.574808 0.594245 0.017206 0.024471
0 0.547851 0.587107 0.013765 0.026511
0 0.534660 0.590166 0.019501 0.028550
0 0.512291 0.579970 0.020648 0.008157
0 0.610024 0.590166 0.011471 0.016314
0 0.560699 0.598323 0.022942 0.028550
0 0.488432 0.593225 0.020648 0.030589
0 0.522271 0.622795 0.051619 0.085650
0 0.448284 0.603421 0.034413 0.042825
0 0.307191 0.596284 0.022942 0.016314
0 0.275073 0.598323 0.045884 0.020393
2 0.159905 0.593225 0.128474 0.063218
