0 0.434681 0.493510 0.010531 0.024961
0 0.428246 0.497670 0.007020 0.033282
0 0.413620 0.496630 0.026912 0.039522
0 0.500498 0.492470 0.011701 0.022881
0 0.488212 0.491429 0.012871 0.020801
0 0.482361 0.498710 0.010531 0.027042
0 0.515123 0.494550 0.015211 0.018721
0 0.529749 0.493510 0.014041 0.016641
0 0.542620 0.493510 0.009361 0.012481
0 0.551396 0.497670 0.010531 0.012481
0 0.564851 0.507030 0.016381 0.031202
0 0.596443 0.536152 0.058504 0.101926
0 0.633886 0.518471 0.018721 0.020801
0 0.646756 0.547593 0.044463 0.058243
1 0.638566 0.510151 0.065524 0.087365
1 0.460130 0.498710 0.038612 0.089445
2 0.372667 0.487269 0.050313 0.083205
0 0.399579 0.505990 0.008190 0.029122
0 0.499035 0.533032 0.019891 0.058243
0 0.359212 0.515351 0.044463 0.052003
0 0.535892 0.565274 0.085415 0.122727
2 0.194817 0.476869 0.162640 0.153929
0 0.148014 0.547593 0.101796 0.095686
0 0.065524 0.546553 0.131048 0.185131
0 0.947318 0.648999 0.102966 0.228814
