0 0.533887 0.373775 0.005166 0.014694
0 0.539569 0.373775 0.008265 0.014694
0 0.542152 0.380204 0.009298 0.020204
0 0.545252 0.382959 0.007232 0.022041
0 0.471381 0.393061 0.018597 0.027551
0 0.451234 0.380204 0.015497 0.016531
0 0.437286 0.396735 0.012398 0.038571
0 0.418741 0.403163 0.032028 0.053265
0 0.456451 0.409592 0.037194 0.055102
2 0.524640 0.363980 0.016531 0.028776
1 0.496228 0.382959 0.032028 0.067959
1 0.565829 0.390918 0.041327 0.075306
0 0.597340 0.429490 0.019630 0.056939
0 0.610772 0.427347 0.025829 0.088163
0 0.632468 0.426428 0.046492 0.115714
0 0.686365 0.430102 0.113648 0.170816
0 0.837895 0.471122 0.292385 0.284694
0 0.039166 0.433412 0.078333 0.284694
0 0.948256 0.598718 0.101250 0.317755
2 0.204378 0.339738 0.260357 0.328775
