0 0.452503 0.527288 0.005036 0.016114
0 0.441928 0.534450 0.012086 0.026857
0 0.408189 0.542507 0.039278 0.057294
0 0.379990 0.548773 0.017121 0.041180
0 0.360854 0.554145 0.029207 0.055504
0 0.322583 0.556830 0.051364 0.050133
0 0.041282 0.590849 0.082202 0.186207
0 0.477681 0.558621 0.055392 0.082361
0 0.521491 0.550564 0.012086 0.037599
0 0.543145 0.547878 0.027192 0.053714
0 0.566309 0.560411 0.037264 0.078780
0 0.597026 0.567573 0.048342 0.111008
0 0.645368 0.586373 0.112798 0.148607
0 0.812048 0.619496 0.287032 0.286472
0 0.925350 0.752885 0.149055 0.338395
