0 0.297911 0.580133 0.127018 0.177248
0 0.780716 0.611698 0.262230 0.288939
0 0.551947 0.554638 0.042339 0.072842
0 0.640040 0.572849 0.111994 0.167536
0 0.364835 0.564350 0.045071 0.106835
0 0.392833 0.565564 0.024584 0.070414
0 0.409906 0.559494 0.020487 0.053417
0 0.418783 0.554638 0.024584 0.058273
0 0.437904 0.547354 0.024584 0.058273
0 0.452245 0.540070 0.015024 0.043705
0 0.457708 0.540070 0.015024 0.033993
0 0.531460 0.553424 0.023218 0.041277
0 0.517120 0.549782 0.016389 0.033993
0 0.510974 0.544926 0.015024 0.029137
0 0.505511 0.541284 0.017755 0.036421
0 0.481609 0.524287 0.019121 0.026709
