0 0.474549 0.544330 0.010438 0.024742
0 0.464111 0.544330 0.010438 0.024742
0 0.455412 0.537113 0.013918 0.030928
0 0.447294 0.539175 0.013918 0.035052
0 0.432217 0.531959 0.020876 0.070103
0 0.418299 0.532990 0.020876 0.072165
0 0.500644 0.543299 0.011598 0.026804
0 0.513982 0.548454 0.017397 0.020619
0 0.518041 0.530928 0.016237 0.030928
0 0.527320 0.546392 0.016237 0.049485
0 0.538918 0.544330 0.018557 0.049485
0 0.548196 0.546392 0.018557 0.061856
0 0.563273 0.548454 0.032474 0.074227
0 0.387067 0.526186 0.062629 0.098969
0 0.599309 0.556083 0.064948 0.084536
