0 0.498889 0.532895 0.032973 0.035526
0 0.422452 0.536447 0.023980 0.035526
0 0.392477 0.547993 0.041965 0.055066
0 0.344017 0.550658 0.040966 0.060395
0 0.313542 0.564868 0.037969 0.056842
0 0.269079 0.571086 0.064947 0.083487
0 0.151176 0.582632 0.178853 0.166974
0 0.580322 0.533783 0.029975 0.047961
0 0.600306 0.529342 0.015987 0.028421
0 0.618291 0.535559 0.025979 0.044408
0 0.541354 0.542664 0.049959 0.076382
2 0.724204 0.502697 0.095921 0.213158
2 0.834613 0.521349 0.186846 0.250461
0 0.956513 0.622599 0.086928 0.165197
0 0.655760 0.511579 0.048960 0.138553
0 0.455425 0.549770 0.053956 0.069276
