0 0.325262 0.237682 0.016358 0.012245
0 0.311917 0.238448 0.006888 0.013776
0 0.298142 0.241509 0.024107 0.019898
0 0.246914 0.239213 0.018080 0.012245
0 0.224959 0.241509 0.020663 0.016837
0 0.209031 0.237682 0.014636 0.012245
0 0.193103 0.247631 0.032717 0.029082
0 0.141876 0.259876 0.109343 0.154592
1 0.348078 0.228499 0.025829 0.030612
0 0.349267 0.247449 0.022385 0.045918
0 0.436225 0.236735 0.006888 0.024490
0 0.417714 0.242857 0.033578 0.061225
0 0.447417 0.240561 0.012054 0.022959
0 0.457318 0.240561 0.014636 0.032143
0 0.523900 0.250510 0.023246 0.033673
0 0.601387 0.249745 0.042188 0.059694
0 0.094429 0.310459 0.188857 0.436225
0 0.911211 0.249235 0.175638 0.371939
0 0.380405 0.259694 0.068017 0.088776
0 0.488026 0.273470 0.074904 0.104082
0 0.664525 0.280357 0.126563 0.166837
