0 0.638162 0.410342 0.013658 0.012140
0 0.651820 0.416412 0.013658 0.014568
0 0.654552 0.426124 0.016389 0.014568
0 0.623139 0.416412 0.013658 0.014568
0 0.636114 0.421268 0.017755 0.014568
0 0.604018 0.426124 0.010926 0.019424
0 0.615627 0.432195 0.028681 0.031565
0 0.637479 0.440693 0.028681 0.033993
0 0.558264 0.424910 0.012292 0.021853
0 0.541875 0.415198 0.012292 0.016996
0 0.545289 0.424910 0.010926 0.021853
0 0.563727 0.455261 0.031413 0.058273
2 0.581482 0.412770 0.039608 0.046133
0 0.530265 0.432195 0.027316 0.036421
0 0.589677 0.475900 0.069655 0.094694
0 0.477683 0.433409 0.039608 0.029137
0 0.455830 0.435837 0.017755 0.019424
0 0.388224 0.447977 0.040974 0.048561
0 0.427832 0.445549 0.051900 0.053417
0 0.345885 0.443121 0.038242 0.033993
0 0.272132 0.451619 0.046437 0.041277
0 0.210672 0.438265 0.035510 0.014568
0 0.185405 0.469830 0.034145 0.058273
0 0.017414 0.522033 0.034145 0.055845
0 0.229110 0.471044 0.086044 0.070414
0 0.474951 0.463759 0.058729 0.075270
0 0.321301 0.416412 0.024584 0.021853
0 0.222964 0.406700 0.027316 0.019424
0 0.243451 0.409128 0.043705 0.024281
0 0.027657 0.400023 0.054631 0.032779
