0 0.538144 0.419931 0.009278 0.012371
0 0.538724 0.431272 0.012758 0.026804
0 0.409407 0.434364 0.009278 0.037113
0 0.394330 0.440550 0.025515 0.041237
0 0.374034 0.445705 0.028995 0.051546
0 0.356637 0.449828 0.028995 0.055670
0 0.559021 0.437457 0.016237 0.051546
0 0.564820 0.444674 0.016237 0.053608
0 0.559021 0.424055 0.027835 0.061856
1 0.632057 0.422238 0.044010 0.055082
0 0.593235 0.442563 0.049871 0.088660
0 0.325902 0.460088 0.055670 0.070103
0 0.484794 0.419882 0.046392 0.035052
0 0.437822 0.431222 0.047552 0.045361
0 0.525387 0.411635 0.011598 0.018557
0 0.509729 0.409573 0.012758 0.018557
