0 0.868686 0.545361 0.259794 0.480412
0 0.012758 0.462543 0.025515 0.090722
0 0.666302 0.524055 0.179768 0.183505
0 0.567526 0.495189 0.097423 0.129897
0 0.518428 0.479725 0.055670 0.090722
0 0.489433 0.478694 0.020876 0.068041
0 0.481315 0.466323 0.025515 0.043299
0 0.093363 0.484536 0.177448 0.189691
0 0.218621 0.459794 0.052191 0.053608
0 0.328222 0.469072 0.048711 0.059794
0 0.293573 0.450516 0.018847 0.030928
0 0.438402 0.467010 0.044072 0.059794
0 0.402449 0.457732 0.025515 0.037113
0 0.351708 0.459794 0.020876 0.032990
0 0.364465 0.452577 0.013918 0.030928
0 0.374903 0.442268 0.009278 0.026804
0 0.388821 0.442268 0.009278 0.018557
0 0.469717 0.442268 0.016237 0.035052
