0 0.532383 0.515372 0.014367 0.016419
0 0.524174 0.522669 0.010262 0.020068
0 0.492362 0.531790 0.010262 0.023716
0 0.480561 0.532703 0.021550 0.025541
0 0.445671 0.537263 0.009236 0.023716
0 0.437461 0.537263 0.013340 0.016419
0 0.423608 0.541824 0.024628 0.025541
0 0.459011 0.536351 0.025655 0.032838
0 0.403084 0.545473 0.016419 0.021892
0 0.391796 0.549122 0.010262 0.021892
0 0.320477 0.563716 0.031812 0.069324
0 0.291231 0.541824 0.024628 0.021892
0 0.362550 0.581959 0.079016 0.113108
0 0.562143 0.523581 0.032838 0.043784
0 0.510320 0.532703 0.033864 0.047432
0 0.834081 0.495304 0.020524 0.023716
0 0.807913 0.497128 0.019497 0.020068
0 0.013751 0.585608 0.027502 0.036486
