0 0.367015 0.473973 0.020471 0.025995
1 0.392848 0.459243 0.025345 0.038126
0 0.463034 0.525963 0.111128 0.143838
0 0.322174 0.467041 0.008773 0.022529
0 0.313401 0.470507 0.008773 0.025995
0 0.301216 0.473107 0.019496 0.024262
0 0.276845 0.479172 0.011698 0.046791
0 0.270509 0.484371 0.014622 0.046791
0 0.246139 0.476573 0.049715 0.072786
0 0.229567 0.486971 0.028269 0.072786
0 0.199348 0.488704 0.051665 0.097048
0 0.171079 0.505167 0.063363 0.119576
0 0.151095 0.542426 0.017547 0.076252
2 0.083833 0.440180 0.165717 0.859564
