0 0.501243 0.565389 0.008030 0.025491
0 0.511094 0.561320 0.013965 0.013275
0 0.465684 0.560801 0.016059 0.028550
0 0.455646 0.562840 0.014339 0.028550
0 0.436719 0.562330 0.024662 0.039766
0 0.419180 0.562403 0.026383 0.050982
0 0.400253 0.564442 0.029824 0.063218
0 0.637415 0.598527 0.048751 0.053021
0 0.892855 0.673763 0.114709 0.072394
0 0.373171 0.572526 0.049899 0.062198
0 0.538150 0.563641 0.012618 0.019373
0 0.532701 0.537640 0.005162 0.008157
0 0.485621 0.565433 0.029251 0.039271
0 0.586107 0.590166 0.075135 0.061178
