0 0.395929 0.734431 0.010897 0.018353
0 0.390481 0.744118 0.019501 0.027530
0 0.376142 0.743608 0.012618 0.024471
0 0.367252 0.747177 0.014339 0.027530
0 0.412953 0.736471 0.010324 0.018353
0 0.427579 0.742079 0.009750 0.017334
0 0.437329 0.748706 0.017780 0.028550
0 0.443064 0.762472 0.021221 0.031609
0 0.479198 0.796629 0.021221 0.073414
0 0.513897 0.793570 0.065384 0.097885
0 0.348461 0.752793 0.028677 0.045884
0 0.247230 0.768201 0.079723 0.102983
0 0.586929 0.834299 0.136886 0.184006
0 0.827053 0.895242 0.344128 0.208006
