0 0.408213 0.431718 0.025049 0.046875
0 0.335704 0.441093 0.030322 0.046875
0 0.311314 0.437578 0.036914 0.053906
0 0.277037 0.451640 0.042187 0.049219
0 0.114219 0.482109 0.054053 0.100781
0 0.056871 0.479765 0.108105 0.110156
1 0.509727 0.400078 0.017139 0.030469
0 0.516319 0.422343 0.019775 0.042187
0 0.531480 0.429375 0.023730 0.060937
0 0.558506 0.432890 0.056689 0.100781
0 0.618491 0.443437 0.102832 0.154687
2 0.376573 0.411797 0.043506 0.082031
0 0.363389 0.445781 0.048779 0.056250
0 0.186070 0.475078 0.150293 0.166406
0 0.462266 0.463359 0.104150 0.171094
0 0.824155 0.495000 0.350683 0.510937
