0 0.426253 0.421557 0.021492 0.028019
0 0.482848 0.419010 0.011462 0.017830
0 0.474252 0.413915 0.011462 0.012736
0 0.461357 0.417736 0.011462 0.015283
0 0.453476 0.416463 0.012895 0.017830
0 0.442730 0.417736 0.011462 0.015283
0 0.411925 0.415189 0.018626 0.030566
0 0.402612 0.417736 0.011462 0.025472
0 0.391150 0.417736 0.014328 0.025472
0 0.377539 0.417736 0.012895 0.025472
0 0.361062 0.419010 0.025790 0.038208
0 0.300168 0.429199 0.041551 0.058585
0 0.274378 0.429198 0.035820 0.063679
0 0.235693 0.430472 0.064475 0.076415
0 0.200590 0.444482 0.063043 0.073868
0 0.119637 0.439387 0.121787 0.124811
0 0.034387 0.447029 0.068774 0.150283
0 0.502907 0.422831 0.014328 0.025472
0 0.522966 0.452123 0.028656 0.043302
0 0.532996 0.455944 0.025790 0.056038
0 0.559502 0.462312 0.041551 0.084057
0 0.573830 0.469953 0.047282 0.084057
0 0.613232 0.482689 0.085967 0.119717
0 0.705646 0.528538 0.187695 0.201227
0 0.869557 0.486510 0.153308 0.127359
0 0.987291 0.777433 0.021492 0.298019
