0 0.515115 0.793998 0.022641 0.036690
0 0.553273 0.788168 0.018478 0.034415
0 0.494318 0.781911 0.009679 0.018772
0 0.482439 0.782693 0.014079 0.023465
0 0.463520 0.797554 0.014959 0.018772
0 0.443722 0.800683 0.015839 0.025029
0 0.424534 0.806158 0.020777 0.026593
0 0.338571 0.812415 0.027278 0.039108
0 0.302934 0.813197 0.051036 0.062572
0 0.570871 0.776436 0.006159 0.017207
0 0.575271 0.780347 0.013199 0.015643
0 0.588470 0.793643 0.014959 0.023465
0 0.598589 0.797554 0.017598 0.025029
0 0.623667 0.800683 0.030797 0.046929
0 0.670743 0.806940 0.056315 0.056315
0 0.710779 0.829622 0.048396 0.079780
0 0.770174 0.829622 0.098552 0.123581
0 0.866086 0.853869 0.163666 0.162688
0 0.950390 0.865984 0.098214 0.201031
