0 0.042847 0.534961 0.083057 0.070312
0 0.121948 0.449414 0.014502 0.011719
0 0.164795 0.517382 0.034277 0.049219
0 0.139746 0.532617 0.071191 0.065625
0 0.161894 0.494531 0.036914 0.018750
0 0.206719 0.523828 0.029004 0.039844
0 0.237041 0.521484 0.031641 0.039844
0 0.253520 0.514453 0.011865 0.030469
0 0.266045 0.514453 0.018457 0.030469
0 0.291647 0.519140 0.069662 0.044531
0 0.395376 0.508593 0.009229 0.023437
0 0.419106 0.514453 0.014502 0.016406
0 0.482651 0.496875 0.017139 0.018750
0 0.550547 0.539062 0.042187 0.056250
0 0.462876 0.557812 0.122607 0.187500
0 0.672231 0.554296 0.085693 0.091406
0 0.617519 0.549609 0.029004 0.044531
0 0.434399 0.468750 0.006592 0.018750
