0 0.400303 0.464531 0.017139 0.023437
0 0.382505 0.477422 0.026367 0.044531
0 0.458311 0.477422 0.009229 0.030469
0 0.464243 0.482109 0.015820 0.053906
0 0.474131 0.485625 0.022412 0.065625
0 0.501817 0.490312 0.051416 0.075000
0 0.509068 0.504375 0.036914 0.070312
0 0.315928 0.466875 0.025049 0.028125
0 0.298130 0.462187 0.021094 0.023437
0 0.273081 0.466875 0.031641 0.032812
2 0.244078 0.450468 0.050098 0.065625
2 0.101695 0.449297 0.071191 0.067969
0 0.354161 0.480937 0.048779 0.070312
0 0.424034 0.482109 0.040869 0.072656
0 0.546641 0.523125 0.083057 0.098437
