0 0.119286 0.616093 0.238572 0.264733
0 0.190623 0.496201 0.045999 0.055441
0 0.235063 0.496201 0.041321 0.060986
0 0.282621 0.489964 0.058473 0.076232
0 0.319655 0.476797 0.020271 0.049897
0 0.341095 0.465015 0.031965 0.054055
0 0.367993 0.453927 0.020271 0.042967
0 0.379687 0.446304 0.017152 0.041581
0 0.398009 0.444225 0.017932 0.020791
0 0.416331 0.456006 0.015593 0.030493
0 0.515735 0.668763 0.272096 0.353439
0 0.405416 0.430364 0.014034 0.020791
0 0.752748 0.545405 0.027288 0.062372
0 0.569531 0.474024 0.041321 0.041581
