0 0.189366 0.546562 0.009229 0.028125
0 0.182774 0.544218 0.011865 0.028125
0 0.169590 0.547734 0.017139 0.035156
0 0.159703 0.552421 0.013184 0.039844
0 0.146519 0.554765 0.021094 0.039844
0 0.342295 0.525468 0.017139 0.028125
0 0.362730 0.524297 0.029004 0.044531
0 0.428648 0.551250 0.044824 0.065625
0 0.460288 0.565312 0.055371 0.084375
0 0.520933 0.561796 0.105469 0.147656
0 0.623106 0.581718 0.188525 0.206250
1 0.316587 0.514922 0.031641 0.067969
3 0.459629 0.600468 0.038232 0.103125
0 0.209141 0.533672 0.011865 0.021094
0 0.251329 0.530156 0.011865 0.023437
0 0.232872 0.540703 0.030322 0.044531
0 0.369981 0.538359 0.032959 0.044531
0 0.285606 0.553593 0.067236 0.117187
0 0.080511 0.639140 0.161021 0.236719
0 0.838657 0.634453 0.321679 0.349219
