0 0.347102 0.153751 0.008608 0.013602
0 0.336582 0.157395 0.010520 0.010202
0 0.316019 0.156545 0.015302 0.015302
0 0.303108 0.160795 0.010520 0.013602
0 0.278242 0.162496 0.016259 0.017003
0 0.264852 0.163346 0.018171 0.018703
0 0.226597 0.168446 0.016259 0.018703
0 0.296891 0.160552 0.009564 0.017003
0 0.240464 0.163103 0.011477 0.015302
0 0.251941 0.166503 0.011477 0.015302
0 0.210816 0.176705 0.019128 0.018703
0 0.188341 0.171604 0.010520 0.011902
0 0.182124 0.177919 0.009564 0.010930
0 0.173995 0.172333 0.008608 0.011902
0 0.157258 0.178284 0.022953 0.020403
0 0.393009 0.161281 0.010520 0.013602
0 0.385358 0.159581 0.010520 0.010202
0 0.343755 0.185935 0.015302 0.018703
0 0.393123 0.218240 0.065763 0.096914
0 0.258158 0.213989 0.065991 0.071411
0 0.035179 0.250787 0.069538 0.331549
0 0.142912 0.176826 0.009564 0.013602
