0 0.155884 0.567082 0.011482 0.012248
0 0.140574 0.565721 0.008420 0.014970
0 0.123733 0.564360 0.013013 0.017692
0 0.059431 0.567762 0.009951 0.013609
0 0.070914 0.567762 0.009951 0.013609
0 0.017659 0.582732 0.035318 0.057157
0 0.325442 0.569804 0.022965 0.028579
0 0.597727 0.558417 0.013013 0.019052
0 0.638299 0.562500 0.020668 0.021774
0 0.657819 0.561820 0.021434 0.031300
0 0.673129 0.560459 0.015310 0.028579
0 0.685377 0.561139 0.012248 0.027218
0 0.703366 0.565902 0.019137 0.023135
0 0.724035 0.562500 0.026792 0.027218
0 0.749296 0.563181 0.017606 0.023135
0 0.792547 0.560459 0.024496 0.036744
