0 0.593548 0.411732 0.016742 0.021260
0 0.577803 0.404291 0.013155 0.031890
0 0.665699 0.423425 0.031093 0.044646
0 0.631019 0.403228 0.026309 0.021260
0 0.554085 0.420236 0.045443 0.072283
0 0.446855 0.420236 0.043051 0.042520
0 0.409784 0.426614 0.040659 0.042520
0 0.384670 0.419173 0.035876 0.053150
0 0.333248 0.436181 0.086102 0.057402
0 0.321289 0.378780 0.083711 0.057402
0 0.264486 0.428740 0.063381 0.072283
0 0.152274 0.431929 0.086102 0.099921
0 0.080123 0.476929 0.160246 0.165827
0 0.694400 0.448228 0.066969 0.074409
0 0.621253 0.451772 0.063381 0.087165
0 0.507047 0.457087 0.088494 0.148819
