0 0.454748 0.440180 0.006824 0.013864
0 0.464009 0.444512 0.011698 0.008665
0 0.477168 0.449711 0.016572 0.019063
0 0.489841 0.449711 0.014622 0.022529
0 0.497639 0.457510 0.022421 0.013864
0 0.513724 0.458376 0.013647 0.043325
2 0.535170 0.451444 0.052640 0.064121
0 0.554666 0.471374 0.050690 0.062388
0 0.427941 0.443646 0.007798 0.013864
0 0.417218 0.445379 0.009748 0.017330
0 0.408932 0.444512 0.012673 0.022529
0 0.401621 0.447112 0.011698 0.027728
0 0.392848 0.447112 0.013647 0.041592
0 0.377738 0.455777 0.028269 0.034660
0 0.347519 0.461842 0.043866 0.050257
0 0.302190 0.478306 0.062388 0.076252
0 0.900722 0.590084 0.196911 0.337933
