0 0.451269 0.488829 0.070204 0.095686
0 0.503922 0.476349 0.037442 0.045763
0 0.597528 0.471148 0.032762 0.031202
0 0.558916 0.468028 0.042123 0.033282
2 0.723311 0.478429 0.186041 0.228814
0 0.984236 0.578275 0.029252 0.191371
0 0.906427 0.522111 0.184871 0.212173
0 0.813991 0.511711 0.070204 0.124807
0 0.523814 0.471148 0.011701 0.035362
0 0.316711 0.483629 0.067864 0.072804
0 0.210820 0.501310 0.097116 0.087365
0 0.150561 0.502350 0.067864 0.064484
0 0.258793 0.476349 0.043293 0.029122
2 0.045255 0.485709 0.088925 0.172650
