0 0.569921 0.528080 0.014034 0.022177
0 0.548870 0.530159 0.024949 0.029107
0 0.529769 0.533624 0.017932 0.022177
0 0.503261 0.562731 0.049118 0.074846
0 0.435960 0.563193 0.036643 0.074846
0 0.417638 0.573588 0.040542 0.084548
0 0.365402 0.573588 0.088880 0.101181
0 0.236371 0.628337 0.148912 0.158008
0 0.082906 0.653978 0.165813 0.295226
0 0.587775 0.528080 0.011695 0.024949
0 0.592842 0.533624 0.009356 0.030493
0 0.595961 0.539168 0.009356 0.036037
0 0.606486 0.541247 0.017932 0.037423
0 0.615062 0.561345 0.019491 0.055441
0 0.634164 0.571047 0.048338 0.074846
0 0.671976 0.594610 0.074066 0.119199
0 0.862093 0.716581 0.274435 0.364528
