0 0.453515 0.613125 0.010547 0.023437
0 0.444946 0.606093 0.009229 0.028125
0 0.436360 0.605829 0.013150 0.041658
0 0.426489 0.606093 0.011865 0.046875
0 0.412646 0.614296 0.013184 0.044531
0 0.417260 0.607265 0.019775 0.053906
0 0.505590 0.610781 0.011865 0.028125
0 0.513501 0.611953 0.014502 0.035156
0 0.523388 0.602578 0.023730 0.058594
0 0.543823 0.614296 0.027686 0.072656
0 0.541845 0.602578 0.034277 0.082031
0 0.568212 0.607265 0.050098 0.119531
0 0.481860 0.617812 0.030322 0.018750
0 0.387779 0.608437 0.052734 0.070312
0 0.632275 0.614619 0.122870 0.152990
