2 0.913395 0.734788 0.171566 0.391656
0 0.860268 0.752985 0.209584 0.261682
0 0.773997 0.739987 0.109178 0.187163
4 0.624364 0.703595 0.026320 0.055456
4 0.657508 0.698396 0.016572 0.058922
0 0.134523 0.709660 0.202760 0.192362
0 0.283669 0.707061 0.064337 0.090116
2 0.384074 0.679333 0.194962 0.228755
0 0.477656 0.704461 0.037043 0.064121
0 0.498614 0.695796 0.012673 0.025995
0 0.534195 0.699262 0.035093 0.046791
0 0.509825 0.689731 0.013647 0.017330
0 0.534195 0.651605 0.009748 0.020796
0 0.520060 0.649005 0.008773 0.015597
