0 0.247939 0.507583 0.016795 0.017062
0 0.233543 0.511848 0.011996 0.021327
0 0.224546 0.520379 0.017995 0.025592
0 0.264734 0.500118 0.021594 0.014929
0 0.282129 0.511848 0.005998 0.025592
0 0.264734 0.518246 0.021594 0.012796
2 0.297724 0.497985 0.022793 0.027725
0 0.295325 0.526777 0.015595 0.029858
0 0.306122 0.523578 0.013196 0.023460
0 0.270732 0.564099 0.057583 0.087441
0 0.177160 0.525711 0.014396 0.023460
0 0.163964 0.533175 0.021594 0.025592
0 0.175960 0.569431 0.059982 0.072512
2 0.036995 0.569431 0.073991 0.260189
0 0.342711 0.566232 0.019194 0.070379
0 0.379900 0.568365 0.074378 0.100237
0 0.392496 0.588625 0.058783 0.102370
0 0.460876 0.600355 0.133160 0.151422
0 0.619229 0.662203 0.286715 0.292180
4 0.859757 0.607820 0.064781 0.106635
0 0.887291 0.774170 0.225418 0.443602
