0 0.045005 0.696562 0.021094 0.051562
0 0.129380 0.693046 0.010547 0.021094
0 0.079942 0.695390 0.030322 0.039844
0 0.173545 0.694218 0.014502 0.028125
0 0.205186 0.691875 0.017139 0.032812
0 0.275059 0.687187 0.014502 0.042187
0 0.296812 0.682500 0.013184 0.028125
2 0.273741 0.675468 0.025049 0.051562
0 0.107627 0.694218 0.035596 0.037500
0 0.190684 0.689531 0.025049 0.037500
0 0.245396 0.697734 0.063281 0.091406
0 0.319224 0.684843 0.042187 0.060937
2 0.020525 0.684843 0.041050 0.089062
0 0.145201 0.693046 0.031641 0.035156
