0 0.087820 0.541255 0.175641 0.309491
0 0.180563 0.577250 0.021094 0.102500
0 0.199898 0.557875 0.072422 0.103750
0 0.310008 0.558500 0.062578 0.097500
0 0.543586 0.519750 0.054141 0.055000
0 0.582609 0.502250 0.046406 0.025000
0 0.616359 0.514125 0.080156 0.063750
0 0.699469 0.504750 0.043594 0.060000
0 0.714586 0.500375 0.047109 0.043750
0 0.766266 0.487875 0.032344 0.021250
0 0.805570 0.495375 0.069609 0.061250
1 0.239531 0.529583 0.021094 0.032500
1 0.257461 0.525208 0.011953 0.033750
1 0.266953 0.521458 0.011250 0.068750
1 0.307383 0.509583 0.073828 0.137500
0 0.435261 0.565000 0.208828 0.327500
0 0.898343 0.490268 0.024609 0.053750
0 0.056337 0.648384 0.112674 0.428750
