0 0.369394 0.375258 0.017397 0.030928
0 0.387371 0.379382 0.023196 0.051546
0 0.342139 0.367010 0.016237 0.030928
0 0.309665 0.355670 0.013918 0.020619
0 0.294008 0.354639 0.010438 0.018557
0 0.282410 0.362887 0.015077 0.014433
0 0.284729 0.380412 0.012758 0.032990
0 0.255155 0.358763 0.011598 0.014433
0 0.242977 0.358763 0.012758 0.018557
0 0.231959 0.365979 0.011598 0.012371
0 0.240657 0.376289 0.017397 0.024742
0 0.320683 0.398969 0.047552 0.057732
0 0.174549 0.379382 0.024356 0.039175
0 0.219781 0.374227 0.017397 0.024742
0 0.265013 0.395876 0.038273 0.051546
0 0.195425 0.396907 0.038273 0.049485
0 0.664585 0.382152 0.093943 0.076289
0 0.819418 0.446070 0.129897 0.142268
0 0.705178 0.461534 0.184407 0.181443
0 0.941776 0.371843 0.068428 0.047423
0 0.973090 0.382152 0.024356 0.030928
2 0.125861 0.388338 0.074227 0.080412
0 0.496995 0.491430 0.250516 0.389691
1 0.037415 0.387307 0.074830 0.189691
0 0.953270 0.516173 0.091416 0.534021
