0 0.123293 0.516836 0.114887 0.077214
0 0.526799 0.521818 0.016813 0.032380
0 0.467254 0.514345 0.040631 0.032380
0 0.445537 0.525554 0.028021 0.054797
0 0.421019 0.519327 0.040631 0.087177
0 0.573034 0.508118 0.014011 0.019926
0 0.580740 0.511854 0.012610 0.022417
0 0.554820 0.511854 0.014011 0.022417
0 0.654296 0.554198 0.014011 0.032380
0 0.958676 0.607749 0.078459 0.117066
0 0.361124 0.509364 0.099475 0.119557
0 0.669357 0.559179 0.032224 0.039852
0 0.806661 0.585332 0.236779 0.336255
0 0.554820 0.538630 0.028021 0.034871
0 0.501580 0.527422 0.039230 0.062269
1 0.603157 0.531781 0.043433 0.077214
