0 0.318874 0.410762 0.012003 0.017071
0 0.308871 0.412895 0.008002 0.012803
0 0.300069 0.412184 0.011203 0.017071
0 0.290067 0.414318 0.008802 0.015648
0 0.284866 0.415740 0.009602 0.015648
0 0.279665 0.418586 0.007202 0.018493
0 0.274063 0.420719 0.010402 0.019916
0 0.266862 0.422853 0.010402 0.021338
0 0.247657 0.424987 0.023205 0.034141
0 0.231253 0.427832 0.020805 0.034141
0 0.208448 0.429255 0.016804 0.028451
0 0.206048 0.434945 0.016804 0.028451
0 0.199646 0.430677 0.018404 0.039831
0 0.191644 0.429255 0.016804 0.045522
0 0.169239 0.429966 0.042410 0.055479
0 0.137232 0.442769 0.056813 0.061170
0 0.062414 0.454861 0.068816 0.076818
0 0.015204 0.458417 0.030407 0.086776
0 0.377287 0.410050 0.008802 0.012803
0 0.384889 0.414318 0.008002 0.012803
0 0.391290 0.415740 0.014403 0.018493
0 0.400492 0.424987 0.012003 0.019916
0 0.410095 0.428543 0.013603 0.024183
0 0.428499 0.427121 0.031207 0.029874
0 0.448504 0.439924 0.040809 0.044099
0 0.478510 0.447037 0.054413 0.069705
0 0.521720 0.467664 0.059214 0.085353
0 0.590136 0.473354 0.130430 0.133720
0 0.700520 0.516302 0.156439 0.174287
0 0.867786 0.543313 0.262461 0.428188
0 0.356011 0.415283 0.022405 0.032719
0 0.338407 0.440178 0.056013 0.073973
