0 0.473927 0.634938 0.013658 0.016996
0 0.463001 0.637366 0.010926 0.016996
0 0.444563 0.642222 0.025950 0.021853
0 0.401540 0.653148 0.021853 0.024281
0 0.381736 0.650720 0.017755 0.038849
0 0.361933 0.651934 0.021853 0.041277
0 0.338714 0.656790 0.032779 0.050989
0 0.305935 0.661646 0.046437 0.065558
0 0.254719 0.673787 0.064192 0.094694
0 0.176186 0.699281 0.150236 0.140827
0 0.485536 0.637608 0.009560 0.019424
0 0.495779 0.632752 0.010926 0.014568
0 0.518315 0.648535 0.020487 0.050989
0 0.542216 0.650963 0.027316 0.065558
0 0.570897 0.654605 0.043705 0.097122
0 0.605042 0.659461 0.087410 0.101978
0 0.679477 0.661889 0.157065 0.237950
0 0.846649 0.725019 0.301838 0.427338
0 0.049043 0.751875 0.095977 0.202500
