0 0.694644 0.544993 0.030422 0.041602
0 0.582317 0.538752 0.009361 0.012481
0 0.621514 0.533552 0.010531 0.014561
0 0.570031 0.532512 0.019891 0.029122
0 0.553650 0.533552 0.015211 0.043683
0 0.529664 0.529392 0.035102 0.076965
0 0.602208 0.538752 0.035102 0.045763
0 0.447759 0.536672 0.011701 0.045763
0 0.430208 0.533552 0.028082 0.052003
0 0.412072 0.541872 0.031592 0.056163
0 0.378725 0.542913 0.046803 0.062404
0 0.317296 0.549153 0.087755 0.087365
0 0.483446 0.537712 0.073714 0.106086
0 0.651351 0.543953 0.065524 0.081125
