0 0.982290 0.639846 0.033711 0.173338
0 0.939338 0.629650 0.119871 0.165181
0 0.891822 0.620959 0.101434 0.122356
0 0.481450 0.618920 0.038917 0.073414
0 0.506071 0.629286 0.063090 0.094826
2 0.249409 0.587991 0.046457 0.075453
1 0.361155 0.589298 0.025236 0.047008
0 0.294229 0.584762 0.015486 0.021412
0 0.204756 0.616881 0.076282 0.101964
0 0.420983 0.637783 0.095782 0.145808
0 0.326921 0.607704 0.040722 0.063218
0 0.381695 0.596998 0.011471 0.031609
0 0.161166 0.615351 0.024662 0.047923
0 0.140519 0.621469 0.031545 0.052002
0 0.108400 0.622998 0.043016 0.073414
0 0.053053 0.626567 0.088326 0.090748
0 0.014052 0.651548 0.027530 0.081571
0 0.759595 0.643912 0.169636 0.168263
0 0.560928 0.647470 0.101518 0.104003
