0 0.505498 0.396702 0.022706 0.029153
0 0.497930 0.398048 0.027751 0.047093
0 0.481531 0.410382 0.032797 0.049336
0 0.464502 0.419352 0.031535 0.058306
0 0.438643 0.435050 0.042888 0.116611
0 0.398277 0.448505 0.070639 0.152492
0 0.333314 0.463081 0.147586 0.190614
0 0.545233 0.380108 0.023967 0.056063
0 0.564154 0.385714 0.034058 0.067276
0 0.588121 0.400290 0.029013 0.065033
0 0.627856 0.410382 0.063071 0.085216
0 0.726246 0.408139 0.141279 0.224252
0 0.871121 0.438808 0.254429 0.424352
0 0.176268 0.546054 0.350675 0.361046
0 0.519495 0.377118 0.013876 0.029153
