0 0.487898 0.557763 0.018984 0.042632
0 0.243100 0.557763 0.030975 0.028421
0 0.277072 0.557763 0.024979 0.028421
0 0.162167 0.562962 0.022981 0.031714
0 0.092724 0.562204 0.031974 0.026645
0 0.133190 0.563980 0.032973 0.037303
0 0.640773 0.554211 0.010991 0.021316
0 0.656260 0.555987 0.015987 0.017763
0 0.675744 0.558651 0.014988 0.015987
0 0.692230 0.553322 0.015987 0.026645
0 0.721206 0.552434 0.025979 0.039079
0 0.728201 0.566645 0.011990 0.031974
0 0.789150 0.565757 0.039967 0.047961
0 0.780158 0.632368 0.061949 0.103026
0 0.366498 0.557763 0.027977 0.024868
0 0.407964 0.547105 0.040966 0.049737
0 0.465917 0.554211 0.024979 0.039079
0 0.539356 0.596842 0.099918 0.142105
0 0.020883 0.568421 0.041766 0.042632
0 0.051258 0.584408 0.096920 0.067500
2 0.878077 0.462730 0.243799 0.925461
2 0.763172 0.543553 0.053956 0.071053
