0 0.308838 0.479368 0.012292 0.019424
0 0.275376 0.470870 0.016389 0.021853
0 0.249426 0.470870 0.030047 0.026709
0 0.288351 0.485438 0.023218 0.031565
0 0.355957 0.472084 0.010926 0.014568
0 0.443367 0.466014 0.019121 0.016996
0 0.420149 0.467228 0.016389 0.024281
0 0.445416 0.478154 0.020487 0.021853
0 0.493219 0.480582 0.020487 0.026709
0 0.368932 0.462372 0.017755 0.024281
0 0.168845 0.490295 0.049168 0.050989
0 0.139481 0.459944 0.031413 0.029137
0 0.112165 0.489081 0.061460 0.053417
0 0.058217 0.490295 0.046437 0.060701
