0 0.376819 0.461619 0.011477 0.011902
0 0.383991 0.459918 0.008608 0.015302
0 0.404554 0.465019 0.030605 0.032305
0 0.424160 0.460769 0.012433 0.013602
0 0.433246 0.466719 0.017215 0.025504
0 0.445201 0.477771 0.023910 0.030605
0 0.478196 0.475221 0.019128 0.032305
0 0.464807 0.470120 0.019128 0.018703
0 0.463372 0.488823 0.033474 0.045907
0 0.413640 0.488823 0.039212 0.062909
0 0.392599 0.459918 0.012433 0.022103
0 0.629689 0.491373 0.024866 0.064610
0 0.833209 0.517727 0.128157 0.103715
0 0.912207 0.544421 0.174063 0.265239
2 0.550308 0.430164 0.145372 0.295844
