0 0.784233 0.524230 0.427941 0.483505
0 0.660920 0.339666 0.155969 0.145571
0 0.393822 0.342266 0.068237 0.095315
0 0.490328 0.327535 0.060438 0.079718
2 0.095531 0.314538 0.120876 0.171566
0 0.162793 0.333601 0.023395 0.077985
0 0.176440 0.328402 0.029244 0.071053
0 0.199348 0.326669 0.026320 0.060655
0 0.214458 0.317137 0.038992 0.055456
0 0.239315 0.311072 0.024370 0.050257
0 0.254912 0.314538 0.016572 0.036393
2 0.282694 0.298075 0.037043 0.051990
0 0.273434 0.315404 0.028269 0.027728
0 0.349469 0.317137 0.030219 0.038126
0 0.308039 0.307606 0.011698 0.019063
0 0.555153 0.315404 0.055564 0.069320
0 0.532245 0.286810 0.048740 0.036393
0 0.442563 0.310206 0.019496 0.024262
