0 0.335522 0.493359 0.009229 0.018750
0 0.346728 0.496875 0.015820 0.030469
0 0.349365 0.502734 0.013184 0.028125
0 0.364526 0.499218 0.025049 0.049219
0 0.321679 0.501562 0.026367 0.039844
0 0.301904 0.517968 0.042187 0.058594
0 0.406054 0.501562 0.021094 0.030469
0 0.432422 0.505078 0.039551 0.060937
0 0.461425 0.512109 0.042187 0.070312
0 0.536572 0.502734 0.029004 0.070312
0 0.593920 0.515625 0.048779 0.067969
0 0.071851 0.478125 0.025049 0.021094
0 0.101514 0.478125 0.044824 0.021094
0 0.823496 0.558281 0.167432 0.154687
0 0.224961 0.537187 0.127881 0.182812
0 0.380528 0.517265 0.043506 0.058594
0 0.507749 0.524297 0.079102 0.114844
0 0.662656 0.567656 0.196435 0.239062
2 0.909849 0.464531 0.126562 0.112500
0 0.968516 0.520781 0.061963 0.018750
