0 0.464624 0.428507 0.019283 0.027751
0 0.449473 0.425242 0.022037 0.037545
0 0.425140 0.424426 0.046830 0.065296
0 0.388870 0.436669 0.056930 0.086518
0 0.345713 0.452177 0.067949 0.081620
0 0.288324 0.470133 0.092741 0.133857
0 0.132225 0.469317 0.250676 0.239964
0 0.044993 0.556651 0.087232 0.195889
0 0.940266 0.599909 0.116615 0.390145
0 0.519849 0.423959 0.023874 0.039178
0 0.533622 0.435386 0.020201 0.035913
0 0.550150 0.435386 0.020201 0.048972
0 0.572647 0.433754 0.043157 0.075091
0 0.630954 0.453343 0.095496 0.114268
0 0.675947 0.485174 0.106515 0.138755
0 0.847651 0.520901 0.288324 0.285671
