0 0.425612 0.447804 0.013658 0.014568
0 0.379859 0.458730 0.015024 0.016996
0 0.562191 0.514575 0.073752 0.094694
0 0.181820 0.527929 0.107897 0.116547
0 0.409223 0.438091 0.010926 0.014568
0 0.405808 0.449018 0.020487 0.016996
0 0.390102 0.455088 0.013658 0.019424
0 0.367566 0.466014 0.012292 0.031565
0 0.357323 0.464800 0.013658 0.033993
0 0.345031 0.473298 0.024584 0.031565
0 0.312252 0.479368 0.043705 0.058273
0 0.297911 0.492723 0.034145 0.050989
0 0.284254 0.500007 0.045071 0.065558
0 0.250109 0.515789 0.050534 0.072842
0 0.438587 0.445375 0.012292 0.029137
0 0.449513 0.450232 0.012292 0.038849
0 0.463171 0.459944 0.017755 0.048561
0 0.473415 0.462372 0.024584 0.053417
0 0.501413 0.476940 0.050534 0.082554
0 0.519851 0.501221 0.043705 0.087410
