0 0.038992 0.467908 0.074085 0.083184
0 0.048253 0.435847 0.092607 0.074519
0 0.227130 0.428915 0.042892 0.064121
0 0.330947 0.406387 0.036068 0.071053
0 0.359217 0.381258 0.024370 0.027728
0 0.385537 0.376926 0.018521 0.025995
0 0.395285 0.371727 0.014622 0.022529
0 0.413319 0.382991 0.027295 0.048524
0 0.429890 0.373460 0.013647 0.029461
0 0.474731 0.365661 0.017547 0.024262
0 0.490328 0.370860 0.017547 0.031194
0 0.543943 0.380392 0.031194 0.053723
0 0.576599 0.388190 0.034118 0.062388
0 0.679928 0.400321 0.082859 0.107445
0 0.944101 0.351797 0.106254 0.062388
0 0.820301 0.363928 0.106254 0.062388
0 0.273434 0.408986 0.077010 0.103980
0 0.162306 0.466175 0.129649 0.138639
0 0.633138 0.473107 0.172541 0.207959
0 0.512749 0.385591 0.038992 0.043325
0 0.460109 0.360462 0.011698 0.020796
0 0.374814 0.411586 0.061413 0.067587
