0 0.066287 0.538960 0.132574 0.162901
0 0.206172 0.522497 0.215433 0.220090
0 0.567826 0.485238 0.154994 0.256483
0 0.797880 0.473107 0.221281 0.266881
0 0.938640 0.659403 0.120676 0.351797
3 0.431352 0.426316 0.014622 0.020796
0 0.686752 0.433248 0.088708 0.145571
1 0.663844 0.377792 0.095531 0.166367
2 0.570263 0.369994 0.040942 0.057189
0 0.608767 0.393389 0.012673 0.024262
0 0.605356 0.384724 0.017547 0.027728
0 0.511774 0.411586 0.035093 0.029461
2 0.331435 0.404654 0.113078 0.178498
0 0.967872 0.411586 0.060213 0.119576
