0 0.276449 0.430060 0.034413 0.054381
0 0.298626 0.399471 0.025236 0.025831
0 0.433473 0.387915 0.013000 0.027190
0 0.386443 0.402870 0.026001 0.032628
0 0.470308 0.380891 0.010706 0.014955
0 0.500897 0.367976 0.010706 0.005438
0 0.497456 0.380211 0.013000 0.013595
0 0.508544 0.383610 0.016824 0.028550
0 0.481014 0.380211 0.012236 0.016314
0 0.560163 0.382930 0.008412 0.021752
0 0.567046 0.387689 0.014530 0.033988
0 0.580429 0.397205 0.029060 0.042145
0 0.329827 0.418867 0.077238 0.091088
0 0.415018 0.399834 0.032883 0.055740
0 0.604288 0.405952 0.033648 0.051662
0 0.534698 0.418187 0.062708 0.103323
0 0.484328 0.495770 0.122356 0.190332
0 0.646450 0.381571 0.026001 0.027190
0 0.669392 0.382251 0.036707 0.028550
0 0.687363 0.385650 0.028295 0.019033
0 0.712599 0.389728 0.031354 0.027190
0 0.187757 0.462689 0.169005 0.184894
0 0.951340 0.419464 0.095591 0.072054
0 0.871043 0.518029 0.256184 0.269184
