3 0.351441 0.655348 0.110180 0.296907
0 0.547423 0.404124 0.011598 0.026804
0 0.533505 0.416495 0.025515 0.039175
0 0.496972 0.425773 0.056830 0.078351
0 0.486534 0.445361 0.047552 0.096907
0 0.643686 0.404271 0.025515 0.035052
0 0.597874 0.409426 0.100902 0.041237
2 0.571358 0.380825 0.026675 0.030928
2 0.702415 0.395258 0.093943 0.125773
2 0.743587 0.354021 0.099742 0.125773
0 0.800417 0.422062 0.037113 0.022680
0 0.748806 0.462268 0.098582 0.173196
2 0.291711 0.347101 0.375773 0.616495
0 0.982515 0.441355 0.031022 0.033869
0 0.870448 0.527513 0.255155 0.317526
0 0.615874 0.559472 0.307345 0.488660
0 0.972510 0.463595 0.051031 0.065979
