0 0.537979 0.545049 0.013673 0.009349
0 0.522202 0.545984 0.013673 0.014958
0 0.505900 0.547853 0.018932 0.011219
0 0.486442 0.550658 0.013673 0.013089
0 0.465933 0.552528 0.014725 0.024307
0 0.482761 0.556268 0.018932 0.024307
0 0.437535 0.560942 0.012621 0.011219
0 0.418077 0.553463 0.024191 0.014958
0 0.395464 0.565617 0.018932 0.013089
0 0.377058 0.564682 0.015776 0.014958
0 0.354971 0.572161 0.024191 0.014958
0 0.327099 0.572161 0.029449 0.022438
0 0.292391 0.568421 0.033657 0.033657
0 0.247691 0.574031 0.047329 0.052355
0 0.186163 0.564682 0.044174 0.052355
0 0.129893 0.565617 0.070468 0.065443
0 0.029975 0.572161 0.059951 0.059834
0 0.508529 0.595534 0.057847 0.084141
0 0.577946 0.593664 0.053640 0.057964
0 0.686803 0.643214 0.183007 0.179501
