0 0.531035 0.384375 0.015820 0.022500
0 0.485156 0.394875 0.016875 0.026250
0 0.475664 0.404250 0.014766 0.018750
0 0.470390 0.415500 0.018984 0.026250
0 0.461426 0.427687 0.024258 0.024375
0 0.448769 0.435187 0.030586 0.035625
0 0.437695 0.450187 0.035859 0.043125
0 0.406055 0.455812 0.065391 0.054375
0 0.384961 0.483000 0.065391 0.056250
0 0.564433 0.395312 0.039023 0.020625
0 0.573398 0.409375 0.059062 0.033750
0 0.577090 0.423437 0.068555 0.028125
0 0.572344 0.450625 0.073828 0.037500
0 0.592383 0.461875 0.086484 0.045000
0 0.602929 0.506875 0.105469 0.052500
0 0.328364 0.538500 0.086484 0.086250
0 0.246625 0.575062 0.150820 0.114375
0 0.619774 0.546937 0.131836 0.088125
0 0.929179 0.517500 0.139219 0.191250
