0 0.401621 0.537187 0.014502 0.014062
0 0.386460 0.534843 0.013184 0.009375
0 0.372618 0.532500 0.011865 0.014062
0 0.359434 0.532500 0.011865 0.009375
0 0.338340 0.530156 0.017139 0.018750
0 0.306700 0.527812 0.035596 0.018750
0 0.272422 0.528984 0.032959 0.016406
0 0.241441 0.518437 0.029004 0.023437
0 0.207164 0.513750 0.036914 0.042187
0 0.172227 0.520781 0.027686 0.018750
0 0.066758 0.507890 0.038232 0.035156
0 0.128721 0.526640 0.027686 0.011719
0 0.024480 0.504375 0.048961 0.046875
0 0.440513 0.547734 0.023730 0.030469
0 0.556529 0.565312 0.018457 0.018750
0 0.536753 0.566484 0.031641 0.039844
0 0.473472 0.560625 0.036914 0.051562
