0 0.292381 0.417203 0.022309 0.021356
0 0.275649 0.414915 0.009439 0.013729
0 0.262349 0.417966 0.012013 0.013729
0 0.205718 0.415678 0.008581 0.015254
0 0.192847 0.416441 0.013729 0.013729
0 0.171396 0.427119 0.013729 0.016780
0 0.154878 0.426356 0.017590 0.018305
0 0.545077 0.420254 0.018019 0.027458
0 0.558806 0.418729 0.012871 0.024407
0 0.595702 0.411102 0.019735 0.021356
0 0.618440 0.402712 0.010297 0.032034
0 0.744144 0.408813 0.096960 0.111356
0 0.748435 0.433983 0.086663 0.073220
0 0.828233 0.448474 0.105540 0.099153
0 0.913609 0.462203 0.116695 0.096102
0 0.958228 0.477458 0.080657 0.071695
0 0.367031 0.411102 0.031748 0.073220
0 0.340432 0.437797 0.050625 0.074746
0 0.419801 0.446186 0.108114 0.192203
0 0.095484 0.424384 0.034271 0.025299
0 0.011369 0.443112 0.022309 0.033673
0 0.043117 0.427881 0.027458 0.021356
0 0.027672 0.432458 0.017161 0.018305
0 0.501316 0.419491 0.013729 0.022881
0 0.909319 0.396610 0.128708 0.099153
0 0.820940 0.382119 0.037754 0.030508
