0 0.060423 0.434522 0.119286 0.084548
0 0.153980 0.433829 0.077185 0.077618
0 0.224148 0.437294 0.114608 0.081776
0 0.380857 0.440760 0.113049 0.077618
0 0.452194 0.442839 0.037423 0.048511
0 0.493516 0.440760 0.079524 0.055441
0 0.547311 0.448383 0.032745 0.045739
0 0.582395 0.442839 0.073287 0.051283
0 0.636581 0.444918 0.033525 0.038809
0 0.677122 0.445611 0.061592 0.056827
2 0.727409 0.438681 0.046779 0.048511
0 0.756256 0.449769 0.059253 0.037423
0 0.794069 0.439374 0.031965 0.038809
0 0.817848 0.442146 0.042101 0.033265
1 0.962083 0.432443 0.073287 0.052669
0 0.975337 0.442839 0.045219 0.031879
0 0.889965 0.456006 0.123964 0.088706
0 0.287689 0.432443 0.024949 0.063758
