0 0.551724 0.354967 0.015761 0.022925
0 0.563187 0.356240 0.015761 0.020377
0 0.573932 0.361335 0.020059 0.025472
0 0.586828 0.362608 0.031521 0.033113
0 0.646288 0.357514 0.021492 0.033113
0 0.663481 0.360061 0.024357 0.033113
0 0.677093 0.360061 0.037252 0.043302
0 0.699301 0.358787 0.032954 0.040755
0 0.739419 0.356240 0.032954 0.040755
0 0.755896 0.367702 0.037252 0.053491
0 0.785268 0.362608 0.053013 0.063679
0 0.841147 0.362608 0.104593 0.073868
0 0.861922 0.370250 0.114623 0.068774
0 0.868370 0.428835 0.147577 0.201227
0 0.040527 0.354954 0.081055 0.109554
0 0.121873 0.360391 0.101696 0.070161
0 0.224333 0.360243 0.074505 0.056038
0 0.268033 0.357696 0.053013 0.056038
0 0.321762 0.358969 0.051580 0.058585
0 0.342538 0.357696 0.041551 0.045849
0 0.475787 0.355512 0.015761 0.025472
0 0.462175 0.358060 0.020059 0.030566
0 0.447131 0.363154 0.018626 0.030566
0 0.430654 0.363154 0.025790 0.035660
0 0.615483 0.368248 0.040118 0.050943
0 0.527367 0.367702 0.041551 0.048396
0 0.396267 0.365155 0.051580 0.043302
0 0.500860 0.349872 0.037252 0.033113
