0 0.175360 0.597867 0.032390 0.025592
0 0.086587 0.615995 0.149955 0.074645
0 0.027398 0.640521 0.054796 0.076777
0 0.241941 0.594668 0.047986 0.036256
0 0.276130 0.589336 0.032390 0.025592
0 0.346909 0.586137 0.041988 0.023460
0 0.376301 0.584004 0.014396 0.019194
0 0.430885 0.578673 0.022793 0.029858
0 0.448879 0.578673 0.013196 0.021327
0 0.500464 0.570142 0.017995 0.029858
0 0.522657 0.575474 0.033590 0.053318
0 0.600034 0.586137 0.094772 0.121564
2 0.669014 0.561611 0.052784 0.055450
0 0.716400 0.558412 0.029991 0.019194
0 0.749390 0.548815 0.031191 0.021327
