0 0.160675 0.472238 0.042442 0.040785
0 0.202544 0.467140 0.041295 0.034668
0 0.297752 0.477336 0.082591 0.104003
0 0.405579 0.474277 0.059649 0.085650
0 0.506523 0.448786 0.036707 0.055060
0 0.247198 0.462406 0.037854 0.042825
0 0.328929 0.450170 0.016059 0.026511
0 0.351297 0.448131 0.026383 0.030589
0 0.430446 0.449150 0.012618 0.020393
0 0.439623 0.449150 0.008030 0.016314
0 0.451094 0.449150 0.012618 0.016314
0 0.468874 0.443032 0.018353 0.032628
0 0.480918 0.446091 0.021795 0.030589
0 0.554160 0.447621 0.021795 0.026511
