0 0.644087 0.439790 0.047647 0.063529
0 0.024993 0.479496 0.049987 0.058235
0 0.081255 0.475336 0.056581 0.044622
0 0.146026 0.465505 0.031268 0.063529
0 0.174316 0.460021 0.031268 0.050294
0 0.199629 0.457752 0.019357 0.055588
0 0.220474 0.461723 0.019357 0.031765
0 0.239086 0.455105 0.017868 0.039706
0 0.492211 0.441870 0.023824 0.039706
0 0.522735 0.451135 0.040202 0.052941
0 0.542837 0.437899 0.014890 0.021176
0 0.585272 0.487437 0.117629 0.132353
0 0.437120 0.482143 0.095294 0.148235
0 0.475308 0.428434 0.011462 0.030566
