0 0.324116 0.809004 0.020394 0.029858
0 0.309721 0.790876 0.015595 0.074645
0 0.399694 0.833530 0.022793 0.049052
2 0.540652 0.787677 0.074378 0.081043
2 0.433884 0.813270 0.038389 0.055450
0 0.369703 0.828198 0.039588 0.059716
0 0.189756 0.771682 0.025193 0.023460
0 0.172961 0.770616 0.032390 0.029858
0 0.153767 0.795142 0.049185 0.057583
0 0.113338 0.771682 0.036470 0.053318
0 0.258136 0.813270 0.111567 0.157820
0 0.523857 0.883435 0.107968 0.153128
0 0.624027 0.903591 0.094772 0.108130
2 0.878894 0.718364 0.242213 0.560900
