0 0.490316 0.671358 0.010926 0.016996
0 0.478707 0.667716 0.015024 0.014568
0 0.476658 0.681071 0.016389 0.021853
0 0.467781 0.668930 0.012292 0.021853
0 0.465732 0.677429 0.016389 0.024281
0 0.458903 0.682285 0.016389 0.033993
0 0.452757 0.681071 0.012292 0.026709
0 0.441831 0.679857 0.017755 0.033993
0 0.429539 0.685927 0.023218 0.055845
0 0.372176 0.668930 0.031413 0.046133
0 0.394029 0.702923 0.077850 0.109263
0 0.324374 0.656790 0.045071 0.060701
0 0.286132 0.645864 0.020487 0.024281
0 0.304570 0.649506 0.016389 0.016996
0 0.173455 0.621583 0.060094 0.048561
0 0.075118 0.636152 0.150236 0.174820
0 0.007512 0.574236 0.015024 0.036421
