0 0.562461 0.072891 0.104150 0.145781
0 0.259898 0.519609 0.013184 0.016406
0 0.250669 0.518437 0.015820 0.014062
0 0.274400 0.524297 0.015820 0.025781
0 0.321861 0.511406 0.010547 0.018750
0 0.354161 0.511406 0.027686 0.028125
0 0.159703 0.544218 0.026367 0.028125
0 0.217051 0.532500 0.022412 0.028125
0 0.248692 0.540703 0.030322 0.035156
0 0.103013 0.570000 0.100195 0.098437
0 0.509068 0.662578 0.371777 0.414843
0 0.981040 0.469218 0.036914 0.046875
0 0.906084 0.465308 0.028269 0.025995
0 0.963110 0.462709 0.017547 0.017330
0 0.938740 0.462709 0.021446 0.024262
