0 0.366847 0.452230 0.023763 0.031224
0 0.352382 0.455904 0.019630 0.031224
0 0.334302 0.454985 0.028929 0.036735
0 0.312606 0.454067 0.035128 0.042245
0 0.287810 0.455904 0.041327 0.045918
0 0.248550 0.459577 0.051658 0.056939
0 0.198958 0.457740 0.064056 0.053265
0 0.124570 0.471516 0.109515 0.095510
0 0.565288 0.463251 0.018597 0.023878
0 0.592667 0.469679 0.034094 0.044082
0 0.630377 0.473353 0.051658 0.058775
0 0.654140 0.484373 0.043393 0.069796
0 0.693917 0.484373 0.054758 0.073469
0 0.779153 0.532128 0.181837 0.183673
1 0.474261 0.431816 0.203533 0.380204
0 0.055102 0.475102 0.033061 0.044082
0 0.024091 0.476575 0.036161 0.051429
0 0.005588 0.488514 0.011177 0.060612
