0 0.484646 0.546526 0.017206 0.026511
0 0.465719 0.545506 0.013765 0.020393
0 0.497723 0.544486 0.012618 0.020393
0 0.509194 0.548565 0.024089 0.036707
0 0.523533 0.545506 0.013765 0.046903
0 0.454363 0.543467 0.010324 0.026511
0 0.448628 0.544486 0.010324 0.024471
0 0.440598 0.544486 0.012618 0.020393
0 0.424539 0.546526 0.021795 0.032628
0 0.417656 0.546526 0.017206 0.036707
0 0.398959 0.547341 0.027530 0.036707
0 0.292967 0.555498 0.080296 0.089728
0 0.344128 0.556314 0.039001 0.065257
1 0.555156 0.532047 0.059575 0.108082
2 0.652504 0.537020 0.145681 0.227062
