0 0.450174 0.432068 0.009366 0.015370
0 0.430361 0.430147 0.008646 0.016651
0 0.423876 0.429507 0.010087 0.012808
0 0.417392 0.432709 0.008646 0.014089
0 0.413069 0.431428 0.007205 0.016651
0 0.408386 0.432709 0.010807 0.016651
0 0.400461 0.438473 0.013689 0.020493
0 0.384611 0.436551 0.012248 0.016651
0 0.370201 0.435911 0.022335 0.028178
0 0.343184 0.439113 0.018732 0.029459
0 0.313284 0.434630 0.020894 0.023055
0 0.438286 0.437832 0.020173 0.029459
0 0.464223 0.425024 0.017291 0.011528
0 0.463502 0.440394 0.020173 0.026898
0 0.476471 0.433349 0.007205 0.015370
0 0.481874 0.436551 0.015130 0.019213
0 0.484756 0.441675 0.012248 0.016651
0 0.493041 0.440394 0.012968 0.019213
0 0.499165 0.445517 0.015130 0.026898
0 0.516457 0.446158 0.023776 0.033302
0 0.522941 0.451281 0.015130 0.035863
0 0.540592 0.451281 0.028819 0.051233
0 0.541673 0.453843 0.026657 0.040987
0 0.562207 0.451281 0.034583 0.061480
0 0.584901 0.457685 0.042508 0.074288
0 0.618403 0.462168 0.063401 0.083254
0 0.671838 0.483302 0.098704 0.102467
0 0.243399 0.430147 0.016571 0.016651
0 0.274379 0.457045 0.061240 0.078131
0 0.140131 0.451921 0.039626 0.057638
0 0.176875 0.446158 0.077090 0.084535
0 0.196688 0.468572 0.110952 0.108871
0 0.061600 0.476257 0.123200 0.116556
0 0.021494 0.425971 0.042508 0.074288
