0 0.404089 0.410797 0.016828 0.028047
0 0.392519 0.417341 0.016828 0.026177
0 0.423546 0.410797 0.011569 0.009349
0 0.429857 0.407057 0.009466 0.016828
0 0.435116 0.406122 0.007362 0.014958
0 0.457203 0.403317 0.007362 0.016828
0 0.463513 0.403317 0.011569 0.020568
0 0.489808 0.406122 0.007362 0.018698
0 0.495066 0.409862 0.011569 0.022438
0 0.503481 0.402382 0.009466 0.014958
0 0.510317 0.409862 0.021035 0.033657
0 0.518731 0.408927 0.016828 0.035526
0 0.524621 0.416406 0.011780 0.031787
0 0.380108 0.421081 0.016828 0.026177
0 0.364858 0.417341 0.024191 0.041136
0 0.341719 0.423885 0.034708 0.046745
0 0.333305 0.430430 0.024191 0.041136
0 0.317002 0.435104 0.027346 0.046745
0 0.293864 0.438844 0.037864 0.054224
0 0.441111 0.397708 0.008414 0.009349
0 0.686954 0.441542 0.103073 0.112188
0 0.787923 0.458370 0.174593 0.172022
0 0.251372 0.447196 0.071520 0.076662
0 0.447877 0.414474 0.024191 0.033657
0 0.599612 0.426690 0.066261 0.071053
0 0.908917 0.456366 0.178800 0.319737
2 0.410189 0.404813 0.018932 0.035526
2 0.476976 0.393594 0.024191 0.054224
2 0.564693 0.374335 0.074675 0.145845
