2 0.537809 0.202153 0.027330 0.050321
0 0.937505 0.185668 0.090774 0.052057
0 0.872109 0.196947 0.030258 0.029499
0 0.604669 0.230784 0.047827 0.045116
2 0.653960 0.229916 0.103462 0.067673
0 0.426538 0.240328 0.087845 0.060733
0 0.457284 0.268091 0.061492 0.064203
0 0.382615 0.365263 0.128840 0.164846
0 0.400673 0.293252 0.055635 0.052057
0 0.016593 0.269826 0.033186 0.046851
0 0.081989 0.281973 0.066372 0.060733
0 0.267440 0.252474 0.052707 0.053792
0 0.302579 0.283708 0.054659 0.067673
0 0.207901 0.261150 0.080037 0.053792
0 0.272809 0.322750 0.051731 0.086761
0 0.245967 0.341838 0.068324 0.104113
0 0.037090 0.319280 0.074181 0.058997
2 0.138112 0.353117 0.200092 0.199550
0 0.050267 0.427731 0.098582 0.234254
