0 0.310078 0.432187 0.012656 0.026250
0 0.318516 0.433125 0.014766 0.020625
0 0.261035 0.439687 0.017930 0.033750
0 0.245742 0.443437 0.016875 0.030000
0 0.197226 0.448125 0.023203 0.050625
0 0.175078 0.458437 0.023203 0.041250
0 0.154512 0.442500 0.011602 0.009375
0 0.140801 0.445312 0.013711 0.011250
0 0.124980 0.458437 0.028477 0.037500
0 0.150293 0.464062 0.036914 0.037500
0 0.085430 0.480000 0.086484 0.080625
0 0.022676 0.492187 0.045352 0.056250
0 0.222539 0.442500 0.040078 0.050625
0 0.287402 0.429375 0.041133 0.050625
0 0.341191 0.431250 0.036914 0.050625
0 0.355430 0.409687 0.016875 0.026250
0 0.410801 0.416250 0.011602 0.020625
0 0.444551 0.410625 0.015820 0.024375
0 0.428203 0.413437 0.027422 0.048750
0 0.470918 0.422812 0.043242 0.060000
0 0.385488 0.430312 0.062227 0.093750
0 0.521543 0.391875 0.017930 0.016875
0 0.538418 0.395625 0.022148 0.020625
0 0.551074 0.393750 0.024258 0.024375
0 0.574277 0.388125 0.045352 0.035625
0 0.606445 0.386250 0.090703 0.039375
0 0.619629 0.392812 0.041133 0.026250
0 0.645996 0.390000 0.028477 0.031875
0 0.686074 0.378750 0.070664 0.043125
0 0.692402 0.402187 0.055898 0.078750
0 0.720351 0.401250 0.056953 0.080625
0 0.776250 0.390000 0.092812 0.106875
0 0.844277 0.378750 0.159258 0.155625
0 0.923379 0.384375 0.151875 0.193125
0 0.979804 0.414375 0.036914 0.155625
