0 0.387697 0.376422 0.020394 0.027725
0 0.371502 0.370023 0.016795 0.027725
0 0.359506 0.377488 0.011996 0.029858
0 0.347509 0.376422 0.023993 0.040521
0 0.336713 0.384952 0.026392 0.036256
0 0.315119 0.384952 0.031191 0.044787
0 0.289926 0.390284 0.052784 0.055450
0 0.255737 0.396682 0.070779 0.072512
0 0.420688 0.375355 0.016795 0.025592
0 0.439282 0.372156 0.013196 0.023460
2 0.462675 0.366824 0.014396 0.025592
0 0.475271 0.379621 0.017995 0.025592
0 0.494466 0.378554 0.020394 0.027725
0 0.509461 0.386019 0.021594 0.029858
0 0.533454 0.388151 0.031191 0.034123
1 0.604833 0.362559 0.111567 0.145024
1 0.955312 0.367394 0.087733 0.173299
0 0.934841 0.695796 0.126725 0.296342
