0 0.407957 0.286810 0.008773 0.015597
0 0.401621 0.294609 0.015597 0.027728
0 0.395772 0.276412 0.013647 0.015597
0 0.365553 0.292009 0.019496 0.032927
0 0.420142 0.286810 0.015597 0.019063
0 0.458647 0.283344 0.006824 0.022529
0 0.505438 0.303274 0.039967 0.093582
0 0.530295 0.315404 0.050690 0.121309
0 0.228592 0.315404 0.071161 0.097048
0 0.054589 0.299808 0.048740 0.031194
0 0.443050 0.282478 0.012673 0.017330
0 0.384562 0.300674 0.034118 0.043325
0 0.470832 0.287677 0.017547 0.027728
0 0.586834 0.328402 0.122826 0.154236
0 0.290493 0.338800 0.101380 0.119576
0 0.171079 0.336200 0.117952 0.124775
