0 0.026406 0.556929 0.049611 0.197735
2 0.890206 0.408272 0.218450 0.816544
0 0.088020 0.483667 0.171240 0.150790
0 0.391690 0.472287 0.063215 0.082508
0 0.503716 0.522787 0.132030 0.192044
0 0.738971 0.502872 0.087220 0.086776
0 0.586135 0.465885 0.016804 0.021338
2 0.376487 0.463752 0.069616 0.082508
2 0.514519 0.423209 0.126429 0.069705
2 0.422898 0.460195 0.012003 0.044099
0 0.325675 0.455928 0.032007 0.041254
2 0.285666 0.446681 0.032007 0.062592
0 0.570132 0.464463 0.016804 0.024183
0 0.698161 0.491491 0.048811 0.066860
0 0.681357 0.477266 0.053612 0.075395
0 0.652951 0.480111 0.014403 0.064015
0 0.651350 0.482956 0.030407 0.061170
0 0.640148 0.465885 0.017604 0.038409
0 0.626145 0.460906 0.018404 0.022761
0 0.595337 0.462329 0.008002 0.014226
0 0.005361 0.430995 0.008773 0.032927
2 0.014135 0.405867 0.026320 0.069320
