0 0.723905 0.432739 0.017291 0.023055
0 0.745159 0.436582 0.010807 0.015370
0 0.813964 0.440424 0.012968 0.017932
0 0.802436 0.439784 0.012968 0.016651
0 0.770735 0.481411 0.079252 0.117837
0 0.902581 0.438503 0.076370 0.049953
0 0.891414 0.452592 0.043949 0.044829
0 0.937524 0.457075 0.068445 0.058918
0 0.709135 0.437863 0.007925 0.023055
0 0.698328 0.432739 0.018012 0.030740
0 0.686801 0.435301 0.022335 0.033302
0 0.657261 0.440424 0.028098 0.033302
0 0.595661 0.451952 0.063401 0.061480
2 0.504162 0.449390 0.105189 0.102467
2 0.322706 0.388550 0.311243 0.303558
0 0.038513 0.502545 0.077026 0.175474
