1 0.453286 0.546759 0.015597 0.032927
0 0.469857 0.563222 0.017547 0.031194
0 0.436714 0.572754 0.021446 0.032927
0 0.411369 0.553691 0.011698 0.019063
0 0.397722 0.555424 0.011698 0.019063
0 0.354830 0.565822 0.015597 0.029461
0 0.333384 0.563222 0.023395 0.038126
0 0.313888 0.572754 0.023395 0.046791
0 0.245164 0.577086 0.026320 0.045058
0 0.130624 0.574487 0.023395 0.046791
0 0.154507 0.575353 0.047766 0.048524
0 0.211533 0.576220 0.050690 0.053723
0 0.279770 0.569288 0.048740 0.064121
0 0.907059 0.597016 0.184239 0.157702
