0 0.425954 0.459970 0.006118 0.010876
0 0.430160 0.464728 0.006883 0.012236
0 0.438572 0.462689 0.008412 0.010876
0 0.445072 0.474924 0.024471 0.024471
0 0.464190 0.469486 0.013765 0.010876
0 0.465337 0.478323 0.017589 0.025831
0 0.494014 0.482492 0.033648 0.061178
0 0.510838 0.492689 0.019883 0.067976
0 0.540280 0.498807 0.063472 0.088369
0 0.550604 0.511042 0.039766 0.088369
0 0.596106 0.509819 0.078767 0.161782
0 0.316597 0.484668 0.016824 0.032628
0 0.724962 0.528852 0.220242 0.262387
0 0.305509 0.496903 0.017589 0.053021
0 0.279508 0.496224 0.054296 0.073414
0 0.254654 0.510498 0.041295 0.072054
0 0.186976 0.502341 0.106297 0.134592
0 0.143004 0.518656 0.044354 0.142749
0 0.377776 0.479230 0.010706 0.023112
0 0.407855 0.467447 0.024471 0.050302
0 0.348206 0.504834 0.067296 0.097885
0 0.077253 0.642825 0.154475 0.556042
0 0.849936 0.616994 0.295798 0.387462
