0 0.508850 0.472240 0.015597 0.022529
0 0.709173 0.544159 0.047766 0.058922
0 0.647272 0.530295 0.027295 0.034660
0 0.573918 0.477439 0.015597 0.020796
0 0.601700 0.490437 0.014622 0.022529
0 0.613885 0.506900 0.011698 0.024262
0 0.627533 0.513832 0.019496 0.027728
0 0.769854 0.551091 0.023395 0.077985
0 0.810796 0.548492 0.060438 0.083184
0 0.943906 0.582285 0.108204 0.110911
0 0.261370 0.533266 0.024370 0.034660
0 0.219941 0.534133 0.021446 0.025995
0 0.105401 0.541931 0.038018 0.034660
0 0.449021 0.482143 0.009748 0.019063
