0 0.509414 0.530223 0.021094 0.013125
0 0.510469 0.553661 0.027422 0.030000
0 0.563730 0.554598 0.013711 0.024375
0 0.575332 0.555536 0.015820 0.033750
0 0.586406 0.557411 0.016875 0.037500
0 0.606972 0.552991 0.034805 0.046875
0 0.464062 0.554866 0.073828 0.136875
0 0.441914 0.577366 0.063281 0.166875
0 0.341191 0.569598 0.201445 0.343125
0 0.165059 0.461786 0.330117 0.588750
0 0.979578 0.694285 0.039023 0.157500
3 0.712441 0.598125 0.045352 0.056250
3 0.708750 0.607500 0.027422 0.041250
3 0.719824 0.614062 0.026367 0.046875
3 0.747773 0.606562 0.065391 0.073125
0 0.780258 0.570000 0.037969 0.048750
0 0.542637 0.553125 0.024258 0.033750
