0 0.056051 0.623011 0.112103 0.143838
2 0.220794 0.516432 0.232979 0.370860
0 0.340208 0.574487 0.033143 0.112644
0 0.370427 0.571887 0.035093 0.069320
0 0.473757 0.554557 0.038992 0.076252
0 0.426478 0.571021 0.084808 0.109178
0 0.528346 0.560623 0.042892 0.050257
0 0.628264 0.545026 0.071161 0.126508
2 0.892924 0.584885 0.208609 0.188896
1 0.720870 0.508633 0.137448 0.192362
1 0.592196 0.516432 0.063363 0.152503
2 0.423554 0.490437 0.069211 0.072786
0 0.494228 0.551958 0.013647 0.067587
0 0.530783 0.525096 0.028269 0.010398
0 0.556615 0.543293 0.005849 0.039859
0 0.794468 0.538960 0.013647 0.045058
