0 0.928658 0.676041 0.140408 0.203852
0 0.152901 0.670840 0.124027 0.110247
0 0.230711 0.643799 0.066694 0.081125
0 0.272249 0.632358 0.044463 0.066564
0 0.299160 0.622997 0.032762 0.060324
0 0.324317 0.608436 0.038612 0.052003
0 0.348888 0.608436 0.029252 0.064484
0 0.358249 0.586595 0.040952 0.066564
0 0.393351 0.593876 0.022231 0.031202
0 0.418507 0.588675 0.011701 0.037442
0 0.891801 0.626118 0.202422 0.178891
0 0.795270 0.611557 0.098286 0.133128
0 0.718630 0.617797 0.094776 0.087365
0 0.671827 0.592836 0.090095 0.074884
0 0.641406 0.594916 0.062014 0.074884
0 0.606304 0.600116 0.033932 0.047843
0 0.571786 0.591795 0.021061 0.031202
0 0.563011 0.584515 0.019891 0.037442
0 0.442494 0.587635 0.033932 0.047843
