0 0.354820 0.434062 0.018457 0.032812
0 0.377891 0.437578 0.040869 0.039844
0 0.436558 0.415312 0.018457 0.014062
0 0.477427 0.412968 0.021094 0.028125
0 0.455674 0.427031 0.032959 0.042187
0 0.521592 0.409453 0.017139 0.030469
0 0.554551 0.418828 0.017139 0.035156
0 0.557847 0.429375 0.015820 0.042187
1 0.551255 0.407109 0.029004 0.058594
0 0.501157 0.428203 0.034277 0.053906
0 0.418760 0.434062 0.043506 0.056250
0 0.580259 0.430547 0.047461 0.063281
0 0.319224 0.441093 0.052734 0.065625
0 0.905234 0.425859 0.085693 0.091406
0 0.970493 0.405937 0.058008 0.117187
