0 0.917919 0.652834 0.158739 0.431695
0 0.776341 0.599444 0.239396 0.260847
0 0.669943 0.561308 0.086663 0.138814
0 0.600870 0.543766 0.073792 0.085424
0 0.568693 0.536139 0.033464 0.076271
0 0.554964 0.534613 0.026600 0.054915
0 0.552390 0.526223 0.031748 0.062542
0 0.539090 0.506393 0.024025 0.032034
0 0.514206 0.510206 0.020593 0.018305
0 0.495329 0.546817 0.053199 0.076271
0 0.389360 0.530800 0.023167 0.032034
0 0.143528 0.554444 0.094386 0.048814
0 0.052146 0.554444 0.091811 0.039661
0 0.267864 0.548390 0.067786 0.050339
0 0.377694 0.522458 0.012871 0.016780
