0 0.559683 0.377320 0.013918 0.024742
0 0.562003 0.389691 0.013918 0.024742
0 0.573601 0.387629 0.013918 0.041237
0 0.577080 0.390722 0.009278 0.047423
0 0.591578 0.390722 0.033634 0.059794
0 0.597377 0.397938 0.033634 0.061856
0 0.615933 0.413402 0.031314 0.101031
0 0.654207 0.408247 0.089304 0.144330
0 0.693060 0.436083 0.111340 0.171134
0 0.814258 0.482769 0.240077 0.292784
0 0.513292 0.411635 0.039433 0.072165
0 0.541707 0.391016 0.015077 0.035052
0 0.906379 0.571164 0.184407 0.503033
0 0.389691 0.431615 0.053351 0.098969
0 0.277771 0.464605 0.073067 0.098969
0 0.461018 0.460091 0.119459 0.184983
0 0.345619 0.461414 0.106701 0.142268
0 0.037693 0.494845 0.075387 0.144330
0 0.124837 0.564949 0.247036 0.276289
