0 0.486656 0.414140 0.010547 0.021094
0 0.478086 0.415312 0.009229 0.018750
0 0.464903 0.412968 0.014502 0.023437
0 0.453697 0.418828 0.015820 0.025781
0 0.439195 0.416484 0.018457 0.035156
0 0.422056 0.417656 0.026367 0.037500
0 0.408213 0.427031 0.019775 0.032812
0 0.395689 0.428203 0.026367 0.039844
0 0.380528 0.431718 0.022412 0.046875
0 0.354820 0.428203 0.036914 0.058594
0 0.323838 0.438750 0.048779 0.060937
0 0.284947 0.451640 0.055371 0.067969
0 0.226280 0.463359 0.093603 0.091406
0 0.106309 0.479765 0.151611 0.142969
0 0.540049 0.409453 0.022412 0.030469
0 0.555210 0.414140 0.013184 0.030469
0 0.563780 0.416484 0.017139 0.049219
0 0.572349 0.416484 0.021094 0.049219
0 0.586192 0.422343 0.032959 0.056250
0 0.634312 0.423515 0.076465 0.124219
0 0.717368 0.455156 0.145019 0.210937
0 0.507090 0.415312 0.038232 0.032812
0 0.021184 0.483281 0.042369 0.187500
0 0.859092 0.511406 0.280810 0.464062
