0 0.311520 0.607464 0.038389 0.066114
0 0.285728 0.594668 0.010797 0.019194
0 0.233543 0.608530 0.033590 0.055450
0 0.217348 0.612796 0.029991 0.059716
0 0.194555 0.611729 0.029991 0.066114
0 0.169362 0.612796 0.039588 0.093839
0 0.109380 0.612796 0.111567 0.149289
0 0.066793 0.631990 0.086374 0.145024
0 0.023199 0.689573 0.046399 0.226066
0 0.347509 0.621327 0.021594 0.055450
0 0.361905 0.624526 0.028791 0.066114
0 0.381099 0.629857 0.038389 0.076777
0 0.425486 0.651184 0.091173 0.132227
0 0.458476 0.681042 0.065980 0.166351
0 0.657617 0.685308 0.387485 0.503317
