0 0.022038 0.363392 0.043051 0.040394
0 0.072265 0.358836 0.052618 0.031890
0 0.123687 0.359899 0.050226 0.021260
2 0.181686 0.333324 0.113607 0.091417
0 0.234902 0.367340 0.110020 0.121181
0 0.297685 0.358836 0.032288 0.019134
0 0.323994 0.357469 0.020330 0.017008
0 0.348510 0.354280 0.026309 0.019134
0 0.373623 0.356406 0.019134 0.014882
0 0.395746 0.355343 0.025113 0.017008
0 0.413086 0.357469 0.009567 0.012756
0 0.428633 0.360658 0.031093 0.036142
2 0.453746 0.346535 0.016742 0.025512
0 0.481251 0.367795 0.043051 0.063780
0 0.507560 0.365214 0.021526 0.031890
2 0.508158 0.339702 0.032288 0.048898
0 0.533271 0.362329 0.017938 0.021260
0 0.545828 0.361721 0.009567 0.021260
0 0.560776 0.357469 0.010763 0.021260
0 0.572735 0.360658 0.015546 0.019134
2 0.564364 0.340461 0.022721 0.029764
0 0.587085 0.356102 0.010763 0.014882
2 0.600240 0.344713 0.013155 0.029764
