0 0.365553 0.385591 0.027295 0.025995
0 0.345082 0.388190 0.017547 0.020796
0 0.331922 0.386457 0.012673 0.017330
0 0.408444 0.420250 0.013647 0.025995
0 0.421117 0.423716 0.023395 0.032927
0 0.443538 0.436714 0.017547 0.027728
0 0.458647 0.440180 0.020471 0.034660
0 0.473757 0.446245 0.015597 0.025995
0 0.486429 0.435847 0.015597 0.036393
0 0.496177 0.441913 0.023395 0.051990
0 0.393822 0.425449 0.011698 0.022529
0 0.345569 0.428915 0.012672 0.039859
0 0.318762 0.396855 0.021446 0.017330
0 0.257837 0.440180 0.045816 0.058922
0 0.108204 0.422850 0.052640 0.048524
0 0.233466 0.424583 0.020471 0.031194
0 0.375788 0.434981 0.047766 0.062388
0 0.313401 0.442779 0.071161 0.088383
0 0.529808 0.478306 0.082859 0.114377
0 0.065312 0.457510 0.130624 0.135173
