0 0.445000 0.519898 0.166692 0.270347
0 0.792519 0.581419 0.347032 0.282478
0 0.144272 0.468774 0.035093 0.046791
0 0.026807 0.504301 0.053614 0.128241
0 0.042892 0.487837 0.042892 0.081451
0 0.064337 0.476573 0.027295 0.045058
0 0.092607 0.467041 0.035093 0.046791
0 0.113078 0.453177 0.017547 0.022529
0 0.161331 0.451444 0.018521 0.022529
0 0.179852 0.451444 0.018521 0.019063
0 0.193499 0.452311 0.014622 0.024262
0 0.207634 0.453177 0.023395 0.025995
0 0.512749 0.436714 0.009748 0.017330
0 0.521035 0.441046 0.014622 0.015597
0 0.536144 0.439313 0.021446 0.019063
0 0.552716 0.438447 0.013647 0.017330
0 0.568800 0.434981 0.026320 0.017330
0 0.599507 0.434114 0.027295 0.015597
0 0.707710 0.427182 0.056539 0.025995
0 0.755963 0.429782 0.049715 0.020796
0 0.812015 0.423716 0.050690 0.029461
0 0.367990 0.452311 0.022421 0.038126
