0 0.082679 0.496417 0.038268 0.048898
0 0.033649 0.475158 0.014350 0.019134
0 0.141875 0.494291 0.106432 0.082913
0 0.235152 0.475158 0.044247 0.044646
0 0.201668 0.480473 0.032288 0.038268
0 0.274018 0.473032 0.026309 0.036142
0 0.315873 0.476221 0.050226 0.029764
0 0.379852 0.467717 0.015546 0.021260
0 0.468346 0.454961 0.025113 0.029764
0 0.449810 0.436890 0.011959 0.014882
0 0.509604 0.431575 0.019134 0.012756
0 0.560428 0.413504 0.008371 0.019134
0 0.512593 0.419882 0.015546 0.019134
0 0.521562 0.408189 0.009567 0.012756
0 0.564613 0.432638 0.014350 0.019134
0 0.570593 0.449646 0.019134 0.031890
0 0.581356 0.408189 0.019134 0.025512
0 0.587933 0.430512 0.017938 0.036142
0 0.596902 0.446457 0.019134 0.042520
0 0.642345 0.462402 0.040659 0.057402
0 0.677025 0.460276 0.055010 0.082913
0 0.717086 0.474095 0.075340 0.093543
0 0.749973 0.490040 0.069360 0.116929
0 0.885704 0.453898 0.223627 0.389055
0 0.535913 0.413504 0.014350 0.014882
0 0.546675 0.395433 0.009567 0.017008
