2 0.251500 0.192362 0.124775 0.079718
0 0.362141 0.202760 0.012673 0.024262
0 0.378713 0.203627 0.020471 0.015597
0 0.219332 0.233954 0.095531 0.103980
0 0.108691 0.260815 0.141347 0.161168
0 0.443050 0.202760 0.012673 0.020796
0 0.409419 0.199294 0.013647 0.034660
0 0.455235 0.200161 0.011698 0.022529
0 0.471320 0.201027 0.018521 0.027728
0 0.482530 0.205360 0.013647 0.022529
0 0.490816 0.217490 0.014622 0.036393
0 0.521522 0.220090 0.042892 0.069320
2 0.631675 0.177632 0.194962 0.355263
0 0.745241 0.324936 0.258324 0.296342
0 0.159868 0.198428 0.058488 0.064121
