0 0.539113 0.380746 0.007722 0.015254
0 0.528388 0.390661 0.013729 0.025932
0 0.517662 0.402864 0.012871 0.035085
0 0.495353 0.405915 0.038612 0.056441
0 0.543404 0.414305 0.054057 0.067119
0 0.578584 0.402102 0.030032 0.045763
0 0.588022 0.394475 0.007722 0.012203
0 0.610760 0.398288 0.034322 0.044237
0 0.639419 0.401339 0.027458 0.056441
0 0.668593 0.421932 0.054915 0.067119
0 0.373467 0.401949 0.046335 0.064068
0 0.340861 0.422542 0.056631 0.056441
0 0.318980 0.432458 0.038612 0.067119
0 0.272646 0.432458 0.069502 0.085424
0 0.427138 0.425593 0.073792 0.100678
