0 0.516930 0.504975 0.011477 0.022103
0 0.500193 0.508376 0.014346 0.025504
0 0.491107 0.507525 0.011477 0.037406
0 0.483456 0.509226 0.017215 0.037406
0 0.471023 0.513476 0.019128 0.049307
0 0.458590 0.512626 0.021041 0.047607
0 0.453330 0.517727 0.020084 0.054408
0 0.437549 0.517727 0.030605 0.071411
0 0.416509 0.519427 0.038256 0.078212
0 0.372037 0.528779 0.071729 0.103715
0 0.310349 0.550032 0.118593 0.139421
0 0.537014 0.504975 0.019128 0.025504
0 0.548491 0.504125 0.009564 0.023804
0 0.561402 0.505825 0.025823 0.040806
0 0.562837 0.512626 0.021041 0.040806
0 0.591529 0.541531 0.070773 0.098615
