0 0.332007 0.455835 0.006070 0.007194
0 0.332345 0.461830 0.008093 0.004796
0 0.330996 0.469023 0.006744 0.009591
0 0.315417 0.471421 0.011465 0.011989
0 0.294174 0.470822 0.013488 0.013188
0 0.278325 0.472620 0.014162 0.016785
0 0.269221 0.474418 0.008093 0.015586
0 0.260454 0.473219 0.012139 0.017984
0 0.240559 0.478015 0.028999 0.017984
0 0.100823 0.470822 0.022255 0.027575
0 0.053278 0.461830 0.055301 0.033570
0 0.061370 0.534965 0.090370 0.131883
0 0.512072 0.551750 0.088346 0.136679
0 0.741841 0.527172 0.152415 0.125888
0 0.170997 0.532498 0.155787 0.199023
0 0.393715 0.557145 0.157810 0.243384
0 0.608242 0.587718 0.192204 0.208615
0 0.043254 0.598231 0.086507 0.300933
