0 0.625548 0.603625 0.045119 0.076133
0 0.646960 0.602946 0.039001 0.074773
0 0.674873 0.608384 0.055060 0.099245
0 0.736815 0.608384 0.104003 0.137311
0 0.800288 0.630136 0.137651 0.167221
0 0.475278 0.592069 0.013765 0.031269
0 0.460366 0.594788 0.019118 0.025831
0 0.449278 0.596828 0.016824 0.035347
0 0.430924 0.596828 0.026001 0.040785
0 0.400717 0.609063 0.022177 0.040785
0 0.380835 0.610423 0.020648 0.046224
0 0.362863 0.617221 0.019883 0.040785
0 0.335716 0.611782 0.040531 0.062538
0 0.292891 0.632175 0.042060 0.078852
0 0.221389 0.639653 0.108591 0.101964
1 0.922280 0.533663 0.153710 0.553323
0 0.575603 0.611321 0.057311 0.071321
