0 0.831468 0.527387 0.334419 0.320174
0 0.038203 0.487192 0.076405 0.067916
3 0.562514 0.495508 0.047558 0.092864
0 0.386456 0.473908 0.029130 0.030726
0 0.369162 0.474024 0.008576 0.022177
0 0.361366 0.474024 0.003898 0.019405
0 0.356298 0.469866 0.006237 0.016632
2 0.345383 0.460857 0.012474 0.018018
0 0.336417 0.459471 0.005458 0.015246
0 0.331739 0.458778 0.005458 0.011088
0 0.140726 0.474717 0.044440 0.051283
0 0.173471 0.471252 0.028847 0.049897
0 0.265469 0.476104 0.041321 0.040195
0 0.231555 0.476104 0.023389 0.031879
0 0.293147 0.462936 0.015593 0.019405
0 0.307570 0.462936 0.010135 0.016632
0 0.315367 0.457392 0.008576 0.013860
