0 0.541018 0.489050 0.009748 0.013864
0 0.530295 0.492516 0.007798 0.020796
0 0.523959 0.496849 0.012673 0.029461
0 0.512749 0.499448 0.017547 0.038126
0 0.567826 0.499448 0.006824 0.020796
0 0.572700 0.501181 0.010723 0.024262
0 0.403570 0.487317 0.025345 0.045058
0 0.391385 0.471720 0.024370 0.045058
0 0.351906 0.476919 0.062388 0.079718
0 0.335821 0.431862 0.051665 0.031194
0 0.283182 0.464788 0.102355 0.093582
0 0.188625 0.460456 0.102355 0.123042
0 0.150120 0.469121 0.144272 0.136906
0 0.735980 0.518511 0.033143 0.065854
0 0.781796 0.512446 0.076035 0.077985
0 0.850520 0.529776 0.106254 0.084917
0 0.932891 0.535841 0.130624 0.100514
0 0.939715 0.638954 0.118927 0.299808
0 0.589271 0.504647 0.026320 0.027728
0 0.497639 0.500315 0.028269 0.043325
0 0.440613 0.507247 0.076035 0.102247
0 0.069699 0.457856 0.139398 0.173299
