0 0.436184 0.567075 0.007720 0.016220
0 0.425481 0.568322 0.014037 0.017468
0 0.407234 0.572065 0.019651 0.014972
0 0.355299 0.584542 0.012633 0.022458
0 0.492857 0.564579 0.007018 0.009982
0 0.309680 0.595148 0.035091 0.026201
0 0.278800 0.598267 0.009826 0.014972
0 0.264413 0.590781 0.028775 0.047412
0 0.090360 0.638817 0.032986 0.043669
0 0.039478 0.643448 0.051935 0.066847
0 0.184229 0.630668 0.166333 0.274492
0 0.638924 0.594504 0.052812 0.069910
0 0.614974 0.584542 0.037197 0.044917
0 0.585147 0.573313 0.029477 0.042421
0 0.563039 0.573937 0.018949 0.036183
0 0.481978 0.565203 0.014037 0.016220
0 0.446536 0.574561 0.011931 0.017468
0 0.458467 0.572065 0.010527 0.017468
0 0.539528 0.573313 0.014037 0.022458
0 0.531106 0.568946 0.011229 0.021211
