0 0.905168 0.597382 0.188674 0.457392
0 0.713765 0.456006 0.268978 0.310472
0 0.247537 0.436601 0.111489 0.113655
0 0.374230 0.417197 0.020271 0.030493
0 0.536006 0.437294 0.081863 0.106725
0 0.198810 0.419276 0.035864 0.067916
0 0.297825 0.423434 0.023389 0.045739
0 0.317316 0.422048 0.018711 0.037423
0 0.325112 0.420662 0.009356 0.026335
0 0.332129 0.423434 0.010915 0.026335
0 0.334858 0.418583 0.017932 0.030493
0 0.352400 0.413039 0.014034 0.016632
0 0.360586 0.408188 0.008576 0.015246
0 0.488058 0.412346 0.046779 0.070688
0 0.456093 0.410960 0.021830 0.048511
0 0.440110 0.415811 0.014813 0.036037
0 0.431144 0.407495 0.010915 0.022177
0 0.425686 0.404030 0.010915 0.018018
4 0.409704 0.422048 0.011695 0.023563
