0 0.497898 0.455768 0.010101 0.016324
0 0.490093 0.459849 0.011019 0.011427
0 0.486420 0.463114 0.016528 0.011427
0 0.480911 0.478622 0.016528 0.029383
0 0.451417 0.486713 0.019128 0.058626
2 0.405157 0.473724 0.078049 0.137122
0 0.358327 0.506372 0.085395 0.137122
0 0.310579 0.539021 0.122124 0.163241
0 0.509376 0.459033 0.012855 0.016324
0 0.513508 0.474541 0.013773 0.021221
0 0.517181 0.487600 0.011937 0.027751
0 0.530954 0.490048 0.011937 0.032648
0 0.547023 0.489232 0.022037 0.047340
0 0.559419 0.498210 0.026629 0.062031
0 0.562633 0.499027 0.023874 0.057134
0 0.588343 0.504740 0.053257 0.078356
0 0.626450 0.528410 0.059685 0.109371
0 0.680625 0.554528 0.109269 0.148549
0 0.827450 0.615744 0.284651 0.270979
0 0.965184 0.738990 0.067949 0.174667
0 0.153562 0.590441 0.303934 0.311790
0 0.465285 0.480321 0.018171 0.044207
