0 0.432633 0.502696 0.015796 0.022881
0 0.476023 0.496629 0.023401 0.044723
0 0.452914 0.502870 0.013456 0.017681
0 0.490064 0.516391 0.018721 0.036402
0 0.499425 0.523671 0.015211 0.048883
0 0.505567 0.527831 0.016966 0.063444
0 0.518438 0.530951 0.031007 0.078005
0 0.532772 0.537712 0.038612 0.081125
0 0.557928 0.551233 0.057333 0.099846
0 0.583377 0.572554 0.061429 0.119607
0 0.642368 0.599769 0.142748 0.183051
0 0.422102 0.500616 0.005265 0.012481
0 0.415667 0.499056 0.007605 0.011441
0 0.402796 0.497496 0.009946 0.016641
0 0.391096 0.498016 0.009946 0.017681
0 0.381443 0.498536 0.011701 0.016641
0 0.370912 0.501656 0.011701 0.014561
0 0.362721 0.498536 0.010531 0.022881
0 0.357749 0.499056 0.009946 0.028082
0 0.352776 0.499056 0.011701 0.028082
0 0.336395 0.500096 0.025742 0.034322
0 0.319721 0.507897 0.026327 0.024961
0 0.295442 0.507377 0.019891 0.038482
0 0.274089 0.506857 0.028667 0.045763
0 0.243374 0.507377 0.039782 0.053043
0 0.205932 0.513617 0.047973 0.061364
0 0.140798 0.509457 0.086585 0.086325
0 0.048759 0.519857 0.097518 0.098806
0 0.085421 0.553139 0.170842 0.140408
0 0.838368 0.719243 0.320599 0.558513
