0 0.196331 0.568166 0.015024 0.016996
0 0.205892 0.581520 0.023218 0.029137
0 0.194966 0.579092 0.017755 0.043705
0 0.173796 0.571808 0.043705 0.063130
0 0.169699 0.598517 0.051900 0.082554
0 0.248914 0.580306 0.016389 0.036421
0 0.314472 0.568166 0.010926 0.016996
0 0.314472 0.588804 0.016389 0.058273
4 0.324715 0.591232 0.012292 0.024281
0 0.351348 0.593661 0.051900 0.070414
0 0.151261 0.614299 0.025950 0.111691
0 0.229793 0.570594 0.032779 0.058273
0 0.281010 0.609443 0.077850 0.116547
0 0.412808 0.600945 0.095605 0.123831
0 0.714646 0.690783 0.338714 0.337500
0 0.074094 0.590018 0.147505 0.417626
