0 0.611205 0.477439 0.013647 0.019063
0 0.620465 0.479172 0.010723 0.019063
0 0.630213 0.484371 0.014622 0.019063
0 0.652146 0.486971 0.025345 0.031194
0 0.693088 0.490437 0.027295 0.034660
0 0.712585 0.495636 0.021446 0.041592
0 0.741829 0.499102 0.050690 0.048524
0 0.785695 0.519031 0.068237 0.064121
0 0.887563 0.529429 0.059463 0.074519
0 0.367015 0.497369 0.018521 0.017330
0 0.350443 0.500835 0.018521 0.017330
0 0.336309 0.503434 0.025345 0.025995
0 0.319737 0.511233 0.019496 0.024262
0 0.296829 0.514699 0.026320 0.024262
0 0.268072 0.525096 0.027295 0.038126
0 0.235416 0.525096 0.022421 0.024262
0 0.206172 0.567555 0.090657 0.088383
0 0.179365 0.545892 0.074085 0.083184
0 0.096993 0.572754 0.098456 0.081451
0 0.433789 0.564955 0.076035 0.069320
