0 0.473472 0.499763 0.031191 0.051185
0 0.274931 0.493365 0.116365 0.089573
0 0.129174 0.489099 0.187144 0.132227
0 0.027204 0.608802 0.052784 0.451590
0 0.510061 0.508293 0.070779 0.076777
0 0.684609 0.499763 0.011996 0.017062
0 0.661216 0.501895 0.008398 0.021327
0 0.648620 0.505094 0.016795 0.019194
0 0.630625 0.500829 0.016795 0.019194
0 0.613230 0.499763 0.013196 0.025592
0 0.598235 0.497630 0.021594 0.029858
2 0.708002 0.491232 0.041988 0.098104
0 0.737394 0.506161 0.014396 0.029858
2 0.760187 0.510426 0.028791 0.063981
2 0.772783 0.499763 0.044387 0.085308
0 0.811771 0.529620 0.019194 0.046919
0 0.839963 0.533886 0.051585 0.068246
0 0.853159 0.547748 0.034790 0.061848
0 0.898146 0.556279 0.079176 0.100237
0 0.562541 0.491185 0.035203 0.041126
