0 0.212437 0.520781 0.013184 0.023437
0 0.197935 0.525468 0.021094 0.018750
0 0.178819 0.525468 0.014502 0.023437
0 0.164317 0.525468 0.017139 0.023437
0 0.149156 0.526640 0.018457 0.021094
0 0.132017 0.525468 0.026367 0.028125
0 0.111583 0.527812 0.030322 0.042187
0 0.083238 0.527812 0.031641 0.042187
0 0.480723 0.520781 0.027686 0.075000
0 0.509068 0.521953 0.060644 0.096094
0 0.547959 0.528984 0.046143 0.119531
0 0.372618 0.506718 0.011865 0.028125
0 0.426011 0.516093 0.018457 0.023437
0 0.404258 0.518437 0.022412 0.032812
0 0.352842 0.520781 0.038232 0.056250
0 0.247373 0.530156 0.061963 0.070312
2 0.627720 0.539531 0.163476 0.187500
0 0.035027 0.541875 0.070054 0.225000
0 0.307980 0.517440 0.010071 0.017905
0 0.325605 0.514755 0.009064 0.019695
