0 0.388525 0.469068 0.008581 0.013729
0 0.398393 0.467542 0.009439 0.013729
0 0.408261 0.467542 0.008581 0.016780
0 0.461031 0.476695 0.018019 0.028983
0 0.483769 0.480508 0.022309 0.024407
0 0.508652 0.485847 0.025742 0.035085
0 0.541687 0.488136 0.040328 0.051864
0 0.608615 0.501102 0.038612 0.111356
0 0.680692 0.520169 0.136430 0.155593
0 0.368747 0.483559 0.025742 0.041186
0 0.348154 0.491949 0.030890 0.048814
0 0.314690 0.502627 0.041186 0.076271
0 0.257201 0.546864 0.075508 0.109830
0 0.138361 0.572034 0.221377 0.245593
0 0.865210 0.606356 0.267712 0.270000
0 0.424540 0.470545 0.014587 0.018305
0 0.019292 0.630602 0.036876 0.126259
