0 0.431880 0.539898 0.018927 0.036707
0 0.420409 0.544996 0.018927 0.046903
0 0.393739 0.549075 0.045884 0.071375
0 0.389151 0.558251 0.048178 0.053021
0 0.494397 0.534800 0.012044 0.020393
0 0.506728 0.536839 0.014912 0.034668
0 0.515044 0.542957 0.022368 0.040785
0 0.533111 0.552134 0.035560 0.057100
0 0.544008 0.556722 0.047031 0.062198
0 0.856591 0.578644 0.061943 0.053021
0 0.773427 0.659705 0.190417 0.170279
0 0.899320 0.775434 0.201315 0.373187
0 0.093775 0.713746 0.187550 0.351775
0 0.376038 0.569162 0.047604 0.061178
0 0.560720 0.572221 0.054487 0.061178
3 0.765971 0.842182 0.118724 0.313029
