0 0.423597 0.338725 0.010332 0.016837
0 0.402934 0.347908 0.034439 0.056633
0 0.376244 0.358623 0.032717 0.056633
0 0.306075 0.370102 0.018080 0.045918
0 0.285411 0.370868 0.035300 0.062755
0 0.132589 0.390765 0.065434 0.105612
0 0.473964 0.353265 0.006027 0.021429
0 0.479560 0.352500 0.006888 0.026020
0 0.485156 0.354031 0.011193 0.032143
0 0.494197 0.356327 0.012054 0.039796
0 0.498501 0.357857 0.013776 0.045918
0 0.512707 0.358623 0.024968 0.053571
0 0.516582 0.367806 0.018941 0.056633
0 0.524761 0.371633 0.012915 0.064286
0 0.583986 0.381044 0.108980 0.116782
2 0.798119 0.308419 0.350415 0.495919
0 0.196301 0.407143 0.175638 0.160714
0 0.340083 0.369643 0.056824 0.076531
0 0.448135 0.335204 0.009471 0.013776
0 0.457605 0.334439 0.006027 0.012245
0 0.931569 0.531888 0.135172 0.437755
