0 0.360503 0.564868 0.009992 0.024868
0 0.347514 0.564868 0.011990 0.017763
0 0.328530 0.566645 0.015987 0.024868
0 0.315269 0.574613 0.023730 0.030148
0 0.302596 0.574638 0.020073 0.033750
0 0.286065 0.585296 0.008993 0.030197
0 0.277572 0.580855 0.011990 0.039079
0 0.255590 0.583520 0.045962 0.051513
0 0.195639 0.582632 0.077936 0.092368
0 0.399471 0.557763 0.007993 0.017763
0 0.403468 0.563980 0.011990 0.015987
0 0.413460 0.564868 0.005995 0.028421
0 0.418456 0.563980 0.011990 0.040855
2 0.440437 0.570197 0.045962 0.046184
0 0.381486 0.568421 0.027977 0.049737
0 0.706718 0.634145 0.186846 0.245132
