2 0.103330 0.344432 0.181314 0.303274
2 0.204222 0.352231 0.045816 0.166367
2 0.247601 0.362629 0.037043 0.117843
0 0.320224 0.358296 0.012673 0.015597
0 0.343620 0.373026 0.010723 0.031194
0 0.353855 0.377359 0.017547 0.046791
0 0.372377 0.381691 0.029244 0.065854
0 0.307552 0.359163 0.010723 0.013864
0 0.302678 0.361762 0.008773 0.015597
0 0.609742 0.402487 0.084808 0.152503
0 0.477900 0.415485 0.210558 0.372593
0 0.794444 0.445964 0.268511 0.221519
0 0.333628 0.365228 0.015597 0.022529
0 0.293661 0.366095 0.015597 0.020796
