0 0.377153 0.445379 0.166692 0.214891
0 0.827417 0.477439 0.179365 0.185430
0 0.488769 0.412452 0.068237 0.097048
0 0.527761 0.396855 0.038992 0.065854
0 0.551156 0.382991 0.035093 0.058922
0 0.568215 0.382991 0.014622 0.038126
0 0.578938 0.376059 0.018521 0.034660
0 0.589661 0.373460 0.010723 0.022529
0 0.596972 0.365661 0.007798 0.024262
0 0.719993 0.422850 0.074085 0.090116
0 0.682463 0.403787 0.049715 0.062388
0 0.663454 0.393389 0.025345 0.051990
0 0.648832 0.387324 0.023395 0.043325
0 0.638109 0.380392 0.017547 0.032927
0 0.632748 0.374326 0.016572 0.020796
0 0.625924 0.369127 0.016572 0.024262
0 0.063363 0.341399 0.068237 0.090116
