0 0.522594 0.362835 0.014350 0.021260
0 0.511034 0.362126 0.011959 0.017008
0 0.502264 0.367441 0.016742 0.019134
0 0.492099 0.372756 0.017938 0.029764
0 0.481336 0.377008 0.022721 0.029764
0 0.564648 0.365315 0.017938 0.014882
0 0.580792 0.379134 0.019134 0.021260
0 0.582586 0.394016 0.015546 0.051024
0 0.610091 0.392953 0.051422 0.074409
0 0.624442 0.414213 0.044247 0.065906
0 0.669685 0.429095 0.081319 0.125433
0 0.720111 0.459921 0.120783 0.131811
0 0.465790 0.384803 0.027505 0.034016
0 0.402010 0.407126 0.056206 0.061654
0 0.540731 0.425197 0.075340 0.106299
0 0.183366 0.464528 0.176988 0.159449
0 0.865466 0.541671 0.265482 0.270000
0 0.981465 0.706434 0.033484 0.174331
