0 0.853136 0.656647 0.288305 0.570508
0 0.750651 0.555000 0.289163 0.355424
0 0.600063 0.520424 0.090953 0.215085
0 0.556303 0.523474 0.048051 0.114407
0 0.539142 0.516610 0.030890 0.091525
0 0.524126 0.506695 0.028316 0.086949
0 0.509968 0.499830 0.024025 0.061017
0 0.499242 0.492966 0.018019 0.050339
0 0.485943 0.483051 0.015445 0.036610
0 0.474788 0.479237 0.010297 0.019831
0 0.467066 0.480763 0.006864 0.013729
0 0.308612 0.496525 0.018877 0.019831
0 0.288448 0.495763 0.016303 0.024407
0 0.269571 0.498051 0.019735 0.022881
0 0.188485 0.506441 0.017161 0.024407
0 0.126562 0.512542 0.035180 0.036610
0 0.399852 0.482797 0.013729 0.013729
0 0.411435 0.483559 0.006006 0.015254
0 0.419587 0.482034 0.006864 0.012203
0 0.428167 0.482797 0.012013 0.016780
0 0.217945 0.501102 0.041186 0.035085
0 0.014158 0.529068 0.028316 0.090000
0 0.041186 0.517373 0.024025 0.050339
0 0.088808 0.515847 0.036896 0.050339
0 0.456483 0.480254 0.012013 0.013729
0 0.441038 0.480254 0.010297 0.019831
0 0.364672 0.513559 0.080657 0.094576
