0 0.353855 0.366528 0.066287 0.074519
0 0.578061 0.382125 0.058488 0.077985
0 0.390411 0.366528 0.016572 0.057189
0 0.406007 0.363928 0.012673 0.041592
0 0.417218 0.366528 0.011698 0.032927
0 0.426966 0.356996 0.007798 0.027728
0 0.543943 0.376926 0.027295 0.046791
0 0.528833 0.371727 0.038018 0.050257
0 0.510312 0.369994 0.022421 0.050257
0 0.492278 0.369994 0.009748 0.029461
0 0.483992 0.368261 0.008773 0.022529
0 0.474244 0.365661 0.014622 0.024262
0 0.465471 0.356996 0.008773 0.027728
0 0.434277 0.339666 0.008773 0.020796
