0 0.840564 0.350982 0.107827 0.058459
0 0.837887 0.397885 0.117768 0.108761
0 0.939596 0.348263 0.119298 0.082931
0 0.922389 0.451813 0.153710 0.228399
0 0.306528 0.399245 0.129239 0.168580
0 0.481269 0.364577 0.085650 0.145468
0 0.430032 0.362538 0.016824 0.051662
0 0.426973 0.365937 0.018353 0.058459
0 0.413590 0.369335 0.026765 0.065257
0 0.389119 0.378852 0.054296 0.078852
0 0.373060 0.392447 0.042060 0.095166
0 0.531868 0.357779 0.016059 0.042145
0 0.576223 0.355740 0.017589 0.032628
0 0.629371 0.350302 0.019883 0.027190
0 0.604900 0.377492 0.053531 0.081571
0 0.553153 0.364577 0.038236 0.047583
0 0.684687 0.404683 0.152946 0.168580
