0 0.847008 0.479995 0.303940 0.540780
2 0.157919 0.467908 0.185213 0.138639
0 0.038018 0.491043 0.074085 0.112124
0 0.509825 0.449711 0.013647 0.022529
0 0.531758 0.450578 0.010723 0.020796
0 0.538581 0.458376 0.014622 0.022529
0 0.546867 0.466175 0.013647 0.027728
0 0.575137 0.456643 0.038992 0.074519
0 0.548817 0.471374 0.013647 0.045058
0 0.591221 0.473107 0.057514 0.079718
0 0.611205 0.493036 0.056539 0.081451
0 0.497639 0.450578 0.008773 0.020796
0 0.489354 0.460976 0.009748 0.027728
0 0.478631 0.468774 0.017547 0.043325
0 0.461572 0.473107 0.024370 0.051990
0 0.435739 0.480039 0.054589 0.069320
