0 0.492666 0.511848 0.009597 0.017062
0 0.480070 0.512914 0.010797 0.019194
0 0.462675 0.515047 0.009597 0.014929
0 0.449479 0.520379 0.007198 0.017062
0 0.437483 0.523578 0.007198 0.023460
0 0.426086 0.529976 0.008398 0.019194
0 0.415889 0.526777 0.007198 0.034123
0 0.407491 0.526777 0.014396 0.042654
0 0.394295 0.535308 0.016795 0.042654
0 0.373302 0.536374 0.027592 0.053317
0 0.346909 0.543839 0.027592 0.055450
0 0.322317 0.550237 0.031191 0.076777
0 0.262335 0.556791 0.093572 0.115479
0 0.507662 0.517180 0.010797 0.014929
0 0.519658 0.522512 0.013196 0.029858
0 0.534654 0.529976 0.026392 0.036256
0 0.634824 0.572630 0.085175 0.125829
0 0.715800 0.591824 0.146357 0.164218
0 0.865446 0.632346 0.268102 0.424407
