0 0.467533 0.496272 0.031234 0.038175
0 0.437763 0.493669 0.018545 0.026028
0 0.416290 0.497140 0.008785 0.022558
0 0.408481 0.497140 0.008785 0.026028
0 0.399696 0.498875 0.008785 0.022558
0 0.392864 0.501478 0.006832 0.024293
0 0.384080 0.503213 0.014641 0.027763
0 0.373343 0.504948 0.008785 0.027763
0 0.360654 0.503213 0.020497 0.038175
0 0.348453 0.507551 0.019521 0.032969
0 0.331860 0.508419 0.021473 0.038175
0 0.317707 0.509286 0.022449 0.043380
0 0.287450 0.504081 0.053683 0.067673
0 0.183011 0.530109 0.075157 0.071144
0 0.507063 0.498875 0.010737 0.022558
0 0.536833 0.516227 0.023425 0.032969
