0 0.664332 0.532895 0.018521 0.032927
0 0.678466 0.543293 0.011698 0.036393
0 0.689677 0.544159 0.020471 0.055456
0 0.707223 0.546759 0.022421 0.064121
0 0.725257 0.550225 0.035093 0.081451
0 0.771560 0.573620 0.053614 0.093582
0 0.754989 0.558023 0.063363 0.097048
0 0.831511 0.573620 0.107229 0.162901
0 0.642398 0.538094 0.040942 0.067587
0 0.593171 0.527696 0.012673 0.025995
0 0.580498 0.538960 0.020471 0.034660
0 0.526396 0.537227 0.015597 0.041592
0 0.513724 0.540693 0.023395 0.045058
0 0.492765 0.542426 0.026320 0.051990
0 0.391873 0.526829 0.046791 0.048524
0 0.347519 0.564955 0.071161 0.097048
0 0.274896 0.584018 0.126725 0.114377
0 0.126725 0.609147 0.191062 0.171566
0 0.556128 0.544159 0.038018 0.051990
0 0.622415 0.572754 0.077010 0.105712
0 0.428428 0.584018 0.139398 0.155969
0 0.024858 0.641207 0.049715 0.180231
0 0.917294 0.596149 0.163768 0.249551
