0 0.441082 0.240855 0.026398 0.029722
0 0.526875 0.253369 0.034317 0.039108
0 0.555033 0.252587 0.016719 0.025029
2 0.579670 0.240855 0.046636 0.079780
0 0.606948 0.272141 0.044876 0.054751
0 0.651380 0.283811 0.058955 0.093859
0 0.742452 0.254871 0.049276 0.039108
0 0.701976 0.297107 0.117910 0.114195
0 0.811086 0.354987 0.147827 0.164253
0 0.920637 0.424599 0.155747 0.269061
1 0.268173 0.230624 0.066874 0.084473
0 0.222533 0.254200 0.039597 0.057879
0 0.181177 0.254200 0.062475 0.073523
0 0.128821 0.253418 0.052795 0.075087
0 0.074266 0.265151 0.080953 0.089166
0 0.018654 0.271408 0.037309 0.079780
0 0.307446 0.251854 0.015839 0.034415
