0 0.453330 0.516367 0.007651 0.015302
0 0.427507 0.505315 0.042081 0.013602
0 0.370602 0.531669 0.014346 0.032305
0 0.509279 0.538470 0.037299 0.056108
0 0.320870 0.546121 0.021997 0.051008
0 0.293612 0.543571 0.042081 0.062909
0 0.595992 0.534446 0.021997 0.027204
2 0.465922 0.510643 0.020084 0.044207
0 0.252009 0.559383 0.067904 0.074811
0 0.350996 0.534729 0.024866 0.035705
0 0.474371 0.523678 0.019128 0.030605
0 0.416509 0.589138 0.111898 0.158124
0 0.074599 0.596789 0.149197 0.154723
1 0.809364 0.499739 0.378723 0.996706
