0 0.440248 0.390169 0.007796 0.012474
0 0.439525 0.395713 0.008576 0.013860
0 0.438745 0.403337 0.010135 0.015246
0 0.434847 0.409574 0.011695 0.019405
0 0.427830 0.418583 0.013254 0.026335
0 0.420814 0.418583 0.011695 0.037423
0 0.407170 0.418583 0.029627 0.048511
0 0.405611 0.426899 0.020271 0.040195
0 0.384560 0.426206 0.038982 0.055441
0 0.335053 0.438681 0.067829 0.088706
0 0.241495 0.453234 0.153590 0.203747
0 0.116752 0.513526 0.231555 0.399178
0 0.463889 0.384972 0.007796 0.011088
0 0.467008 0.386358 0.007796 0.011088
0 0.468177 0.389823 0.010135 0.009702
0 0.470126 0.400218 0.010915 0.013860
0 0.472075 0.411999 0.007017 0.018018
0 0.477923 0.416157 0.017152 0.026335
0 0.483380 0.424474 0.020271 0.026335
0 0.524701 0.441106 0.026508 0.062372
0 0.554328 0.451501 0.065490 0.085934
0 0.853946 0.619974 0.289248 0.549702
