0 0.951513 0.356873 0.095209 0.148867
0 0.600789 0.351265 0.013765 0.017334
0 0.574120 0.352285 0.021221 0.019373
0 0.565516 0.359422 0.015486 0.021412
0 0.554619 0.360442 0.014339 0.025491
0 0.542288 0.361971 0.022942 0.032628
0 0.532824 0.367069 0.015486 0.028550
0 0.525368 0.367069 0.014339 0.032628
0 0.517912 0.370128 0.015486 0.030589
0 0.505007 0.371148 0.025236 0.042825
0 0.484646 0.372677 0.029251 0.052002
0 0.464286 0.376246 0.036707 0.055060
0 0.432454 0.385933 0.047604 0.066276
0 0.389725 0.402247 0.057355 0.068316
0 0.029824 0.466994 0.057355 0.083610
0 0.055455 0.466994 0.020648 0.061178
0 0.631104 0.338010 0.029824 0.033648
0 0.626312 0.365030 0.039001 0.046903
