0 0.441928 0.364357 0.012086 0.026857
0 0.407182 0.364357 0.009064 0.019695
0 0.396104 0.368833 0.015107 0.021485
0 0.381500 0.362566 0.028200 0.044761
0 0.382004 0.373309 0.015107 0.041180
0 0.366393 0.380471 0.040285 0.055504
0 0.354308 0.393899 0.024171 0.064456
0 0.343733 0.397480 0.025178 0.064456
0 0.305966 0.400166 0.080570 0.105637
0 0.275248 0.432394 0.081577 0.116379
0 0.193167 0.476260 0.175240 0.182626
0 0.422793 0.377785 0.026185 0.032228
0 0.452503 0.368833 0.015107 0.032228
0 0.464085 0.375100 0.024171 0.041180
0 0.476171 0.378680 0.014100 0.051923
0 0.496817 0.384052 0.041292 0.059085
0 0.552209 0.408223 0.095677 0.093103
0 0.788380 0.355405 0.165169 0.116379
0 0.979041 0.456565 0.040912 0.153979
0 0.806509 0.544297 0.360552 0.311539
