0 0.538300 0.460085 0.015440 0.021211
0 0.546722 0.464452 0.011229 0.022458
0 0.553740 0.465076 0.011229 0.026201
0 0.561460 0.464452 0.012633 0.024954
0 0.577251 0.465076 0.025968 0.033688
0 0.627783 0.465076 0.027371 0.041174
0 0.663225 0.456966 0.044917 0.077357
0 0.710247 0.470067 0.058953 0.073614
0 0.614448 0.485039 0.054041 0.063632
0 0.475136 0.477553 0.022458 0.033688
0 0.421797 0.482544 0.021055 0.026201
0 0.437939 0.480672 0.016844 0.032440
0 0.385302 0.495645 0.071586 0.104806
0 0.313365 0.483791 0.025968 0.031192
