0 0.481281 0.449445 0.014982 0.026634
0 0.498603 0.448613 0.014045 0.028298
0 0.562743 0.448613 0.014982 0.054932
0 0.577256 0.451110 0.019663 0.073243
0 0.595515 0.453607 0.020600 0.074908
0 0.614710 0.449445 0.030899 0.079901
0 0.639991 0.454439 0.055244 0.106535
0 0.699917 0.445284 0.113298 0.164797
0 0.832410 0.446116 0.237831 0.256350
0 0.417610 0.462762 0.016854 0.023305
0 0.404501 0.466924 0.014982 0.021640
0 0.384369 0.471917 0.021536 0.028298
0 0.282776 0.502713 0.052435 0.066584
0 0.263581 0.520191 0.042135 0.064920
0 0.332489 0.494390 0.039152 0.043280
0 0.201782 0.542663 0.107680 0.106535
0 0.530907 0.453607 0.058053 0.088224
0 0.452254 0.470899 0.065544 0.116895
0 0.953667 0.538502 0.088953 0.314612
