0 0.746215 0.522497 0.190088 0.223556
0 0.646298 0.545892 0.042892 0.117843
0 0.609742 0.562356 0.038018 0.057189
0 0.550766 0.566688 0.076035 0.090116
0 0.417705 0.577086 0.039967 0.062388
0 0.146221 0.709660 0.179365 0.178498
0 0.247601 0.652471 0.093582 0.105712
0 0.294879 0.621278 0.069211 0.095315
0 0.339721 0.610013 0.043866 0.062388
0 0.373839 0.589217 0.028269 0.041592
0 0.461572 0.563222 0.014622 0.038126
0 0.445487 0.571887 0.015597 0.020796
0 0.478631 0.569288 0.015597 0.019063
0 0.505925 0.558023 0.017547 0.027728
