0 0.429121 0.475866 0.010518 0.014958
0 0.418603 0.485215 0.008414 0.014958
0 0.409663 0.489889 0.013673 0.024307
0 0.394938 0.492694 0.017880 0.029917
0 0.376006 0.493629 0.019984 0.031787
0 0.353394 0.497369 0.025242 0.039266
0 0.327625 0.500173 0.028398 0.052355
0 0.307642 0.510457 0.034708 0.061704
0 0.270304 0.509522 0.058899 0.093490
0 0.207198 0.534765 0.111487 0.110319
0 0.064158 0.611801 0.128316 0.332826
0 0.456467 0.467826 0.008414 0.014958
0 0.462251 0.476240 0.011569 0.024307
0 0.469088 0.479979 0.012621 0.028047
0 0.479605 0.480914 0.016828 0.033657
0 0.494330 0.480914 0.029449 0.052355
0 0.508529 0.479979 0.026294 0.069183
0 0.528513 0.481849 0.030501 0.072922
0 0.560592 0.479979 0.071520 0.106579
0 0.647362 0.496808 0.152506 0.188851
0 0.828416 0.541843 0.339721 0.304779
