0 0.060925 0.502568 0.121851 0.228755
0 0.146709 0.440180 0.114053 0.065854
0 0.219332 0.434114 0.072136 0.057189
0 0.275383 0.421983 0.055564 0.039859
0 0.303165 0.418518 0.025345 0.036393
0 0.452798 0.414185 0.051665 0.079718
0 0.564901 0.410719 0.067262 0.079718
0 0.517136 0.400321 0.032169 0.038126
0 0.390898 0.405520 0.052640 0.069320
0 0.421117 0.397722 0.025345 0.043325
0 0.481068 0.408986 0.012673 0.048524
0 0.497639 0.388190 0.022421 0.034660
0 0.496177 0.363062 0.009748 0.015597
0 0.448899 0.357863 0.012673 0.015597
0 0.424041 0.369994 0.017547 0.015597
0 0.663844 0.381258 0.021446 0.020796
