0 0.270923 0.535078 0.017139 0.035156
0 0.295971 0.530390 0.030322 0.021094
0 0.386938 0.519843 0.017139 0.023437
0 0.420556 0.518672 0.039551 0.044531
0 0.613696 0.538593 0.077783 0.093750
0 0.547778 0.513984 0.014502 0.021094
0 0.568212 0.509297 0.013184 0.021094
0 0.658520 0.503437 0.011865 0.023437
0 0.678295 0.503437 0.011865 0.028125
0 0.690820 0.502265 0.015820 0.025781
0 0.731030 0.523359 0.040869 0.072656
0 0.820678 0.509297 0.019775 0.025781
0 0.470654 0.512812 0.034277 0.046875
0 0.495703 0.509297 0.010547 0.025781
0 0.911761 0.531046 0.110941 0.068010
