0 0.028006 0.546835 0.025633 0.043882
0 0.009968 0.546835 0.019937 0.081013
0 0.071677 0.528270 0.033228 0.030380
0 0.054589 0.555780 0.061709 0.075949
0 0.151424 0.538903 0.012342 0.032067
0 0.214082 0.515274 0.023734 0.032067
0 0.240664 0.509367 0.016139 0.020253
0 0.252532 0.512742 0.017089 0.016878
0 0.231171 0.498396 0.008544 0.015190
0 0.223576 0.509367 0.014241 0.033755
0 0.239240 0.496709 0.009494 0.018565
0 0.283861 0.511055 0.020886 0.047257
0 0.271519 0.529620 0.034177 0.054008
0 0.297626 0.516118 0.006646 0.016878
0 0.345000 0.528776 0.013291 0.038819
0 0.354968 0.528776 0.016139 0.048945
0 0.366835 0.529620 0.026582 0.057384
0 0.371582 0.535527 0.017089 0.045570
0 0.392943 0.535527 0.044620 0.065823
0 0.400538 0.540591 0.031329 0.069198
0 0.425221 0.542278 0.048418 0.092827
0 0.321432 0.509367 0.014858 0.023629
0 0.203639 0.534683 0.038924 0.054008
2 0.153797 0.516962 0.030380 0.055696
2 0.172785 0.511899 0.007595 0.038819
2 0.190823 0.500928 0.018987 0.030380
2 0.573940 0.508861 0.284715 0.418565
0 0.004747 0.580590 0.009494 0.043882
0 0.914240 0.703516 0.168987 0.289733
0 0.248259 0.565401 0.075000 0.101266
0 0.115823 0.540084 0.070253 0.084388
0 0.258702 0.491983 0.012342 0.015190
0 0.267721 0.470886 0.007595 0.010127
