0 0.286924 0.532500 0.011865 0.018750
0 0.273741 0.537187 0.014502 0.018750
0 0.263853 0.538359 0.007910 0.025781
0 0.255943 0.537187 0.010547 0.023437
0 0.244737 0.541875 0.011865 0.028125
0 0.234849 0.541875 0.010547 0.032812
0 0.226280 0.538359 0.011865 0.030469
0 0.368003 0.532500 0.010547 0.023437
0 0.374595 0.534843 0.013184 0.028125
0 0.380528 0.536015 0.009229 0.030469
0 0.387119 0.534843 0.011865 0.046875
0 0.491270 0.550078 0.061963 0.110156
0 0.524888 0.572343 0.097559 0.107812
2 0.363389 0.524297 0.019775 0.035156
2 0.340318 0.525468 0.010547 0.028125
0 0.334385 0.534843 0.019775 0.028125
0 0.428648 0.558281 0.081738 0.121875
0 0.665293 0.573515 0.196435 0.213281
0 0.211119 0.547734 0.031641 0.039844
0 0.119493 0.566484 0.040869 0.053906
0 0.088511 0.574687 0.060644 0.060937
0 0.040391 0.545390 0.043506 0.030469
0 0.029754 0.582890 0.059507 0.100781
0 0.988950 0.759843 0.021094 0.159375
