0 0.311405 0.482719 0.008802 0.017071
0 0.339412 0.491965 0.012003 0.018493
0 0.324608 0.500501 0.030407 0.049789
0 0.352215 0.504768 0.024806 0.035564
0 0.505183 0.480585 0.118427 0.246101
0 0.186443 0.506902 0.033608 0.031296
0 0.160437 0.503346 0.026406 0.032719
0 0.149635 0.518283 0.027206 0.034141
0 0.135231 0.527529 0.022405 0.041254
0 0.108025 0.528952 0.043210 0.055479
0 0.088020 0.542466 0.033608 0.059747
0 0.053612 0.556692 0.068816 0.085353
0 0.176441 0.538910 0.052012 0.064015
2 0.273663 0.522550 0.078418 0.167861
2 0.016404 0.526344 0.032808 0.401159
2 0.777380 0.551238 0.444103 0.763910
