0 0.223132 0.528352 0.003510 0.020801
0 0.217282 0.529392 0.010531 0.022881
0 0.207336 0.528352 0.011701 0.029122
0 0.193296 0.538752 0.014041 0.029122
0 0.182180 0.537712 0.012871 0.022881
0 0.174574 0.547073 0.023401 0.033282
0 0.144153 0.555393 0.039782 0.037442
0 0.105306 0.562674 0.037442 0.052003
0 0.081905 0.574114 0.051483 0.054083
0 0.028082 0.569954 0.056163 0.066564
0 0.254022 0.523151 0.012871 0.018721
0 0.274498 0.529392 0.016381 0.022881
0 0.293220 0.527312 0.014041 0.018721
0 0.313111 0.532512 0.018721 0.020801
0 0.333002 0.528352 0.009361 0.024961
0 0.341192 0.530432 0.007020 0.029122
0 0.354648 0.527312 0.019891 0.031202
0 0.353478 0.533552 0.008190 0.022881
0 0.365179 0.535632 0.015211 0.031202
0 0.378635 0.539792 0.028082 0.035362
0 0.396888 0.539792 0.024805 0.043683
0 0.412801 0.542913 0.018721 0.045763
0 0.438542 0.551233 0.056163 0.074884
0 0.519277 0.557473 0.105306 0.112327
0 0.659069 0.558448 0.030422 0.108166
0 0.133707 0.567809 0.023401 0.081125
