0 0.354707 0.447512 0.016795 0.019194
0 0.312120 0.441113 0.010797 0.019194
0 0.304922 0.444312 0.010797 0.025592
0 0.296524 0.448578 0.010797 0.025592
0 0.373901 0.440047 0.009597 0.017062
0 0.403293 0.450711 0.029991 0.046919
0 0.486668 0.460308 0.071979 0.113033
0 0.255737 0.452843 0.082775 0.110900
3 0.815970 0.496564 0.049185 0.100237
0 0.643221 0.454976 0.109168 0.072512
0 0.569443 0.445379 0.055184 0.040521
0 0.548450 0.440047 0.039588 0.042654
0 0.749990 0.468839 0.104369 0.095971
0 0.919082 0.461374 0.161836 0.179147
0 0.924480 0.588270 0.151040 0.330569
