0 0.353568 0.536672 0.008190 0.016641
0 0.360589 0.538752 0.008190 0.020801
0 0.343038 0.539792 0.019891 0.031202
0 0.334262 0.526272 0.009361 0.012481
0 0.324902 0.540832 0.016381 0.041602
0 0.450684 0.544993 0.008190 0.024961
0 0.458875 0.541872 0.019891 0.043683
0 0.470575 0.544993 0.033932 0.041602
0 0.257038 0.529392 0.014041 0.022881
0 0.092058 0.531472 0.100626 0.052003
0 0.038820 0.694762 0.076055 0.266256
0 0.372875 0.543953 0.023401 0.035362
0 0.478766 0.557473 0.043293 0.058243
0 0.292140 0.552273 0.060844 0.093606
