0 0.019828 0.506905 0.039657 0.097885
0 0.023843 0.622124 0.047686 0.124396
0 0.944630 0.721321 0.108974 0.261027
0 0.957822 0.494670 0.082591 0.130514
0 0.509309 0.491125 0.016059 0.030589
0 0.526515 0.489086 0.025236 0.046903
0 0.527662 0.493165 0.022942 0.042825
0 0.531104 0.494184 0.018353 0.036707
0 0.544295 0.498263 0.028677 0.053021
0 0.495544 0.486027 0.025236 0.044864
0 0.423277 0.492145 0.009177 0.028550
0 0.416968 0.493165 0.017206 0.030589
0 0.407791 0.495204 0.021795 0.034668
0 0.396894 0.500302 0.016059 0.040785
0 0.388291 0.503361 0.014912 0.042825
0 0.369364 0.504381 0.027530 0.048943
0 0.325201 0.505400 0.069973 0.083610
0 0.454822 0.488066 0.063090 0.110121
0 0.579664 0.501322 0.064237 0.071375
