0 0.308984 0.487273 0.017446 0.027751
0 0.332399 0.515024 0.047748 0.099577
0 0.288783 0.510127 0.048666 0.060399
0 0.253890 0.519921 0.057848 0.083253
0 0.204765 0.529988 0.086313 0.101209
0 0.109728 0.535701 0.158854 0.164873
0 0.447483 0.484281 0.018365 0.035913
0 0.436006 0.484281 0.010101 0.045707
0 0.427741 0.496524 0.024792 0.079988
0 0.486508 0.462243 0.024792 0.017956
0 0.497068 0.471221 0.020201 0.013059
0 0.504873 0.494075 0.017446 0.062031
0 0.520483 0.495707 0.041320 0.075091
0 0.524615 0.505502 0.025710 0.075091
0 0.557212 0.498972 0.065194 0.101209
0 0.587054 0.516929 0.073458 0.127328
0 0.655156 0.538150 0.140489 0.182830
0 0.046953 0.556682 0.093907 0.215478
0 0.958419 0.755836 0.081722 0.293833
0 0.828031 0.594228 0.340663 0.346070
0 0.388935 0.516890 0.101005 0.181197
0 0.481613 0.489560 0.035763 0.046625
