2 0.090247 0.462203 0.124417 0.100678
2 0.239977 0.493474 0.044619 0.047288
1 0.573759 0.488135 0.066928 0.097627
0 0.443764 0.506441 0.009439 0.015254
0 0.438187 0.507966 0.012013 0.024407
0 0.480660 0.507203 0.009439 0.019831
0 0.489670 0.507966 0.012013 0.021356
0 0.499108 0.507966 0.015445 0.039661
0 0.518844 0.512542 0.030890 0.054915
0 0.462641 0.511780 0.035180 0.059492
0 0.420597 0.508729 0.028316 0.044237
0 0.395284 0.503390 0.012013 0.012203
0 0.382843 0.506441 0.009439 0.012203
0 0.371688 0.508729 0.009439 0.013729
0 0.285025 0.501102 0.028316 0.025932
0 0.327498 0.528559 0.089237 0.099153
0 0.629103 0.531610 0.110689 0.141864
0 0.178197 0.495763 0.054915 0.039661
0 0.026752 0.668135 0.052341 0.219661
