0 0.053716 0.528083 0.106515 0.128960
0 0.470959 0.504250 0.008264 0.021221
0 0.463154 0.505883 0.014692 0.024486
0 0.451218 0.502618 0.012855 0.024486
0 0.438362 0.498537 0.014692 0.016324
0 0.442953 0.510780 0.020201 0.021221
0 0.495231 0.518289 0.044075 0.057134
0 0.389176 0.513392 0.011937 0.027751
0 0.408918 0.519105 0.045911 0.065296
0 0.534256 0.531348 0.050503 0.073458
0 0.201384 0.529516 0.153344 0.124063
0 0.628820 0.581753 0.189155 0.277509
0 0.816356 0.483855 0.224966 0.308525
0 0.978832 0.587666 0.039484 0.143652
