0 0.255540 0.453849 0.020983 0.028421
0 0.227563 0.460066 0.038968 0.037303
0 0.191592 0.464507 0.040966 0.039079
0 0.137137 0.458289 0.071941 0.079934
0 0.053706 0.464507 0.104914 0.135000
0 0.393426 0.433421 0.010991 0.026645
0 0.380936 0.437862 0.013988 0.028421
0 0.499339 0.419211 0.012989 0.023092
0 0.511329 0.415658 0.018984 0.030197
0 0.533811 0.423651 0.037969 0.042632
0 0.580772 0.422763 0.051957 0.055066
2 0.457873 0.402336 0.029975 0.046184
2 0.423402 0.418322 0.056953 0.103026
0 0.469364 0.442303 0.030975 0.040855
0 0.294558 0.468059 0.059951 0.087039
