0 0.542768 0.489131 0.011005 0.017787
0 0.536765 0.490020 0.011005 0.016008
0 0.531262 0.490909 0.010005 0.014229
0 0.522758 0.488241 0.011005 0.019565
0 0.515255 0.489131 0.010005 0.028459
0 0.511253 0.493577 0.010005 0.030237
0 0.502748 0.491799 0.011005 0.026680
0 0.493244 0.494467 0.016008 0.032016
0 0.480237 0.498024 0.024012 0.032016
0 0.461728 0.508696 0.019009 0.053360
0 0.447721 0.510474 0.017008 0.060474
0 0.424210 0.502470 0.048024 0.097826
0 0.387191 0.511957 0.084042 0.110870
0 0.291311 0.525889 0.149074 0.184980
0 0.145072 0.582214 0.290143 0.256127
0 0.556275 0.485573 0.008004 0.019565
2 0.570282 0.479526 0.026013 0.053360
0 0.588791 0.495534 0.031015 0.053360
0 0.641817 0.515988 0.033016 0.090711
0 0.686839 0.515988 0.079039 0.151186
0 0.793559 0.504071 0.189093 0.264664
0 0.893241 0.519901 0.212105 0.289921
0 0.954271 0.685139 0.090044 0.199210
