2 0.509073 0.500625 0.016875 0.045000
0 0.512765 0.517500 0.009492 0.022500
0 0.525948 0.526875 0.027422 0.045000
0 0.559698 0.519375 0.010547 0.048750
0 0.579737 0.526875 0.042187 0.078750
0 0.576046 0.535312 0.022148 0.069375
0 0.593448 0.546562 0.040078 0.095625
0 0.603995 0.568125 0.044297 0.116250
0 0.492198 0.527812 0.014766 0.031875
0 0.452648 0.528750 0.020039 0.037500
0 0.290753 0.552187 0.050625 0.058125
0 0.244874 0.548437 0.062227 0.076875
0 0.174737 0.554062 0.118125 0.103125
0 0.079816 0.568125 0.151875 0.131250
0 0.793309 0.620625 0.412377 0.645000
3 0.473741 0.565312 0.034805 0.095625
