0 0.130587 0.540493 0.261174 0.400967
2 0.099202 0.337968 0.198403 0.164667
1 0.261940 0.321637 0.127073 0.148337
2 0.460204 0.340009 0.124011 0.146976
1 0.363751 0.397847 0.071957 0.126563
0 0.346910 0.446158 0.047461 0.103427
0 0.377913 0.448880 0.028323 0.048992
0 0.265767 0.448880 0.140852 0.201411
0 0.582684 0.423023 0.053585 0.051714
0 0.833455 0.393764 0.019137 0.017692
0 0.823503 0.399888 0.016075 0.019052
0 0.720161 0.406012 0.014544 0.020413
0 0.725256 0.392908 0.018372 0.027218
0 0.746307 0.396990 0.020668 0.029940
0 0.784965 0.402434 0.071957 0.032661
0 0.768124 0.385423 0.015310 0.012248
0 0.788409 0.384742 0.017606 0.019052
0 0.478575 0.494334 0.195809 0.311922
