0 0.396248 0.468442 0.015024 0.016996
0 0.401028 0.469656 0.016389 0.014568
0 0.414003 0.468442 0.015024 0.016996
0 0.426978 0.472084 0.010926 0.019424
0 0.440636 0.473298 0.016389 0.021853
0 0.460440 0.478154 0.017755 0.026709
2 0.495267 0.481796 0.030047 0.043705
0 0.505511 0.491509 0.017755 0.019424
0 0.519168 0.483010 0.020487 0.016996
0 0.516437 0.495151 0.015024 0.021853
0 0.535558 0.498793 0.025950 0.029137
0 0.555362 0.496365 0.024584 0.033993
0 0.574483 0.497579 0.032779 0.041277
0 0.605213 0.504863 0.028681 0.041277
0 0.681014 0.513361 0.046437 0.058273
4 0.474780 0.492723 0.013658 0.016996
4 0.452245 0.491509 0.012292 0.014568
0 0.388053 0.487867 0.015024 0.026709
0 0.630480 0.506077 0.043705 0.048561
2 0.726085 0.514575 0.076484 0.070414
