0 0.974320 0.472240 0.049715 0.168100
0 0.769123 0.351797 0.187163 0.155969
0 0.608767 0.322336 0.055564 0.069320
0 0.570263 0.318870 0.029244 0.041592
0 0.551741 0.312805 0.013647 0.025995
0 0.539556 0.308473 0.012673 0.020796
0 0.526884 0.308473 0.010723 0.024262
0 0.192525 0.369127 0.166692 0.142105
0 0.307552 0.337933 0.065312 0.086650
0 0.361166 0.325802 0.039967 0.069320
0 0.388461 0.321470 0.020471 0.053723
0 0.406007 0.324936 0.018521 0.050257
0 0.419655 0.320603 0.014622 0.031194
0 0.444512 0.317137 0.035093 0.038126
