0 0.514061 0.598489 0.012433 0.044207
0 0.508801 0.605290 0.013389 0.047607
0 0.499715 0.605290 0.020084 0.057809
0 0.491586 0.607840 0.019128 0.066310
0 0.483456 0.613791 0.023910 0.074811
0 0.444244 0.600189 0.073642 0.136020
0 0.413640 0.641845 0.077468 0.117317
0 0.560446 0.589138 0.007651 0.018703
0 0.566662 0.593388 0.008608 0.030605
0 0.582443 0.591688 0.028692 0.040806
0 0.581965 0.606140 0.014346 0.039106
0 0.594398 0.603590 0.020084 0.054408
0 0.611613 0.610391 0.037299 0.064610
0 0.636479 0.617192 0.018171 0.108816
0 0.936069 0.686477 0.125766 0.512626
0 0.030126 0.849276 0.060253 0.278841
0 0.329158 0.664515 0.157805 0.167191
0 0.546578 0.606140 0.029648 0.039106
0 0.546100 0.581486 0.019128 0.027204
