0 0.491581 0.516700 0.017672 0.036037
0 0.469231 0.514852 0.033265 0.050821
0 0.444543 0.515314 0.029627 0.072074
0 0.434407 0.518548 0.029107 0.076694
0 0.418295 0.520396 0.035344 0.072998
0 0.392826 0.521320 0.042621 0.100719
0 0.351245 0.521320 0.062372 0.121047
0 0.287574 0.533794 0.106552 0.138604
0 0.187259 0.564287 0.146054 0.162628
0 0.062516 0.548117 0.122145 0.252259
0 0.582396 0.514220 0.007277 0.021253
0 0.586814 0.516530 0.007796 0.031417
0 0.593311 0.517916 0.011435 0.039733
0 0.601627 0.518840 0.017672 0.043429
0 0.612542 0.522536 0.018712 0.065606
0 0.646586 0.531776 0.060812 0.093327
0 0.537176 0.495739 0.013514 0.017556
0 0.524962 0.515144 0.022350 0.026797
0 0.518984 0.496201 0.014553 0.020329
0 0.552261 0.495775 0.013514 0.023101
0 0.548363 0.517490 0.019231 0.022177
0 0.937407 0.415385 0.076925 0.098871
0 0.903622 0.418157 0.093558 0.087782
