0 0.307321 0.381398 0.015595 0.036256
0 0.291126 0.378199 0.026392 0.038389
0 0.372102 0.375000 0.020394 0.031991
0 0.389497 0.371801 0.021594 0.034123
0 0.346909 0.388862 0.061182 0.102370
0 0.406892 0.366469 0.010797 0.019194
0 0.412290 0.377132 0.014396 0.031991
0 0.424886 0.383531 0.015595 0.027725
0 0.438682 0.395260 0.026392 0.029858
0 0.459076 0.389929 0.011996 0.031991
0 0.483669 0.396327 0.039588 0.053317
0 0.600784 0.402725 0.057883 0.049052
0 0.663016 0.466706 0.117565 0.130095
0 0.793177 0.537085 0.214736 0.262322
0 0.946674 0.592535 0.106653 0.283649
0 0.086181 0.520023 0.172361 0.386019
