0 0.049578 0.624703 0.098866 0.221011
0 0.083234 0.552528 0.033657 0.050485
0 0.133719 0.589924 0.094659 0.114058
0 0.186307 0.583380 0.048381 0.086011
0 0.248887 0.598338 0.087297 0.104709
0 0.286751 0.564682 0.028398 0.052355
0 0.310416 0.565617 0.018932 0.043006
0 0.337762 0.570291 0.044174 0.052355
0 0.370892 0.563747 0.028398 0.039266
0 0.388246 0.554398 0.008414 0.020568
0 0.421377 0.555333 0.019984 0.033657
0 0.438205 0.551593 0.013673 0.018698
0 0.451878 0.554398 0.017880 0.028047
0 0.458715 0.558137 0.012621 0.028047
0 0.472388 0.564682 0.021035 0.041136
0 0.486061 0.568421 0.018932 0.048615
0 0.512881 0.571226 0.047329 0.072922
0 0.539701 0.589924 0.033657 0.102839
0 0.580720 0.591794 0.096763 0.132756
0 0.680112 0.631995 0.171438 0.179501
0 0.851070 0.723387 0.296598 0.297299
0 0.976756 0.846029 0.045226 0.299169
