0 0.234673 0.392941 0.010915 0.018018
0 0.432313 0.484420 0.010135 0.026335
0 0.419449 0.487885 0.018711 0.036037
0 0.388263 0.512140 0.051457 0.084548
0 0.175420 0.507982 0.031186 0.037423
0 0.145794 0.496894 0.024949 0.031879
0 0.734036 0.623716 0.214403 0.235626
0 0.458821 0.487192 0.014813 0.029107
0 0.451025 0.480262 0.014813 0.023563
0 0.250656 0.609856 0.268978 0.277207
0 0.472855 0.498280 0.027288 0.040195
0 0.567582 0.537089 0.073287 0.103953
0 0.877881 0.760934 0.243249 0.468480
0 0.078983 0.602132 0.157966 0.272986
