0 0.465750 0.424500 0.153562 0.289500
0 0.099562 0.431250 0.102937 0.093000
0 0.166219 0.429750 0.062437 0.078000
0 0.227812 0.414000 0.060750 0.064500
0 0.262406 0.405000 0.037125 0.058500
0 0.283641 0.405000 0.016031 0.054000
0 0.297562 0.407250 0.018562 0.040500
0 0.308953 0.402750 0.012656 0.040500
0 0.319078 0.399000 0.019406 0.045000
0 0.333000 0.396000 0.015188 0.039000
0 0.344812 0.400500 0.011812 0.030000
0 0.351562 0.392250 0.018562 0.034500
0 0.364641 0.399750 0.010969 0.025500
0 0.376453 0.391500 0.010969 0.027000
0 0.571359 0.409500 0.049781 0.072000
1 0.791377 0.321000 0.414281 0.635143
