0 0.465117 0.358125 0.014766 0.046875
2 0.490430 0.341250 0.029531 0.050625
0 0.488847 0.367500 0.020039 0.035625
0 0.525762 0.336562 0.034805 0.037500
0 0.502031 0.380625 0.016875 0.028125
0 0.518379 0.394687 0.051680 0.090000
0 0.633340 0.372187 0.026367 0.048750
0 0.757265 0.366562 0.014766 0.052500
0 0.691875 0.402187 0.128672 0.146250
0 0.236777 0.381562 0.089648 0.168750
0 0.368613 0.406875 0.195117 0.354375
0 0.579551 0.421875 0.126562 0.178125
2 0.118125 0.274219 0.236250 0.548437
2 0.876972 0.291562 0.244687 0.573750
