0 0.049667 0.457905 0.099334 0.142297
0 0.851113 0.497128 0.296767 0.246284
4 0.719149 0.460642 0.057466 0.136824
0 0.690415 0.434189 0.145718 0.171486
0 0.621148 0.419595 0.040021 0.116757
0 0.138329 0.441486 0.080042 0.116757
0 0.422582 0.396790 0.010262 0.031014
0 0.429765 0.393142 0.010262 0.031014
0 0.436948 0.384020 0.014367 0.027365
0 0.468247 0.383108 0.009236 0.029189
0 0.478509 0.378547 0.013340 0.012770
0 0.476456 0.394966 0.017445 0.023716
0 0.453880 0.390405 0.015393 0.029189
0 0.402281 0.399413 0.034277 0.061799
0 0.345105 0.412297 0.060545 0.087568
0 0.226068 0.437838 0.136482 0.167838
2 0.292770 0.386757 0.070807 0.127703
2 0.345618 0.354831 0.047204 0.045608
2 0.548289 0.352095 0.128273 0.310135
