0 0.009356 0.434522 0.018711 0.073460
0 0.935575 0.652130 0.126303 0.334035
0 0.241690 0.426899 0.059253 0.063758
0 0.843187 0.539861 0.312638 0.306314
0 0.049118 0.427592 0.077965 0.076232
0 0.107201 0.426899 0.060033 0.069302
0 0.143455 0.422048 0.042101 0.059600
0 0.171912 0.414425 0.033525 0.055441
0 0.203487 0.415118 0.018711 0.051283
0 0.219470 0.410267 0.016373 0.030493
0 0.677902 0.465015 0.173861 0.220380
0 0.580836 0.453234 0.081083 0.121971
0 0.537566 0.434522 0.070948 0.106725
0 0.505210 0.437294 0.015593 0.054055
0 0.500143 0.428285 0.033525 0.058214
0 0.488838 0.422741 0.031186 0.069302
0 0.470126 0.418583 0.017152 0.044353
0 0.462720 0.415118 0.014813 0.040195
0 0.451025 0.410267 0.017932 0.038809
0 0.440500 0.409574 0.017152 0.031879
0 0.429585 0.406109 0.010915 0.024949
3 0.392162 0.418583 0.004678 0.013860
2 0.386704 0.399178 0.012474 0.027721
2 0.373060 0.403337 0.010135 0.016632
