0 0.436336 0.459433 0.014982 0.026634
0 0.418078 0.469421 0.027154 0.049938
0 0.399819 0.469421 0.020600 0.053268
0 0.384837 0.466924 0.043072 0.061591
0 0.371260 0.481905 0.047754 0.074908
0 0.331466 0.502713 0.065544 0.119852
0 0.244854 0.506874 0.173224 0.191430
0 0.455063 0.459433 0.014982 0.019975
0 0.468640 0.465259 0.010300 0.021640
0 0.484558 0.469421 0.019663 0.029963
0 0.499540 0.476911 0.017791 0.038286
0 0.524821 0.486899 0.034645 0.051603
0 0.566956 0.483570 0.051499 0.108200
0 0.646077 0.521024 0.162924 0.196424
0 0.885460 0.491893 0.212257 0.188101
0 0.088485 0.597596 0.176969 0.336252
