0 0.019286 0.579969 0.035454 0.145360
0 0.083422 0.559959 0.137218 0.152464
0 0.169573 0.541940 0.036643 0.060986
0 0.358247 0.565503 0.061592 0.144148
0 0.553158 0.546098 0.025728 0.049897
0 0.535227 0.546098 0.016373 0.027721
0 0.525091 0.539168 0.016373 0.027721
0 0.510278 0.532931 0.010135 0.020791
0 0.498583 0.532238 0.014813 0.024949
0 0.386704 0.540554 0.015593 0.036037
0 0.401517 0.533624 0.015593 0.033265
0 0.480262 0.533624 0.015593 0.016632
0 0.444788 0.534317 0.014813 0.023563
0 0.415551 0.535703 0.009356 0.015246
0 0.422568 0.525308 0.012474 0.027721
0 0.454923 0.530159 0.007017 0.020791
0 0.231555 0.608470 0.240131 0.257803
0 0.574209 0.553722 0.041321 0.056827
