0 0.070357 0.446811 0.140714 0.146693
0 0.204692 0.423425 0.125566 0.112677
0 0.422938 0.414921 0.045443 0.040394
0 0.452835 0.409606 0.014350 0.025512
0 0.465391 0.409606 0.015546 0.017008
0 0.475556 0.404291 0.014350 0.019134
0 0.488113 0.394725 0.015546 0.021260
0 0.521597 0.393662 0.015546 0.019134
0 0.522195 0.396850 0.016742 0.025512
0 0.535947 0.390473 0.015546 0.021260
0 0.557473 0.394725 0.022721 0.021260
0 0.591555 0.392599 0.014350 0.017008
0 0.634888 0.417402 0.037705 0.060945
0 0.680049 0.442559 0.057402 0.074409
0 0.762564 0.474803 0.110020 0.096378
0 0.910219 0.495354 0.176988 0.327402
