0 0.496178 0.695416 0.009331 0.017864
0 0.487565 0.690312 0.010766 0.035728
0 0.468186 0.685208 0.033734 0.063800
0 0.503714 0.693502 0.010048 0.029348
0 0.508379 0.697330 0.009331 0.031900
0 0.514839 0.698606 0.010766 0.039556
0 0.535845 0.693927 0.047036 0.071881
0 0.548238 0.727529 0.030863 0.100803
0 0.608170 0.749221 0.136372 0.200331
0 0.241880 0.715407 0.068904 0.109735
0 0.348537 0.698734 0.030432 0.054612
0 0.317015 0.707745 0.062444 0.068904
0 0.135426 0.732627 0.162928 0.162051
0 0.410322 0.720505 0.114122 0.148015
0 0.803053 0.865761 0.390215 0.261579
