0 0.059461 0.845661 0.118921 0.300566
0 0.898929 0.836746 0.200590 0.323491
0 0.214774 0.755237 0.219216 0.257264
0 0.318651 0.704293 0.100295 0.155377
0 0.367366 0.687736 0.040118 0.106981
0 0.403186 0.678821 0.031521 0.078962
0 0.426826 0.663538 0.015761 0.053491
0 0.436856 0.658444 0.012895 0.038208
0 0.453333 0.645708 0.017193 0.028019
0 0.504913 0.644435 0.014328 0.025472
0 0.520674 0.653350 0.020059 0.028019
0 0.544315 0.660991 0.027223 0.053491
0 0.570105 0.680095 0.047282 0.071321
0 0.605208 0.692831 0.040118 0.091698
0 0.646759 0.709387 0.077370 0.140094
0 0.740033 0.757784 0.147577 0.206321
