0 0.133636 0.522054 0.267272 0.530211
0 0.217820 0.352115 0.029824 0.029909
0 0.300320 0.350270 0.007647 0.012236
0 0.324791 0.349590 0.015295 0.010876
0 0.408146 0.359786 0.006118 0.012236
0 0.437206 0.365224 0.010706 0.017674
0 0.446383 0.370662 0.010706 0.017674
0 0.266562 0.270058 0.013765 0.012236
0 0.671431 0.294530 0.018353 0.014955
0 0.606429 0.291131 0.012236 0.010876
0 0.288928 0.353432 0.021412 0.033988
0 0.390255 0.358870 0.009941 0.014955
0 0.400578 0.359550 0.006118 0.019033
0 0.415873 0.361589 0.007647 0.023112
0 0.425814 0.370426 0.018353 0.021752
0 0.456021 0.377223 0.020648 0.027190
0 0.476669 0.379263 0.014530 0.033988
0 0.500758 0.382661 0.024471 0.029909
0 0.319135 0.354791 0.014530 0.017674
