0 0.228857 0.342316 0.017446 0.021221
0 0.251354 0.347213 0.029383 0.031016
0 0.156776 0.346397 0.031220 0.032648
0 0.117292 0.348845 0.036729 0.037545
0 0.076890 0.358640 0.036729 0.031016
0 0.029263 0.368015 0.058526 0.053031
0 0.512678 0.352373 0.016528 0.032195
0 0.532420 0.356681 0.021119 0.027751
0 0.557671 0.363210 0.029383 0.040810
0 0.599909 0.366475 0.047748 0.053869
0 0.641230 0.376270 0.051421 0.053869
0 0.703669 0.372733 0.075295 0.084885
0 0.784014 0.386608 0.103760 0.096312
0 0.976995 0.407830 0.042239 0.076723
0 0.890682 0.386064 0.129470 0.151814
0 0.305070 0.346397 0.026629 0.022854
0 0.333076 0.345580 0.018365 0.021221
0 0.189906 0.351529 0.020201 0.024486
0 0.373662 0.348845 0.020201 0.021221
