0 0.061813 0.524230 0.122026 0.344865
0 0.396259 0.365661 0.053614 0.079718
0 0.477656 0.389923 0.044841 0.072786
0 0.675542 0.417651 0.052640 0.048524
0 0.814939 0.454044 0.081884 0.069320
0 0.614616 0.395989 0.032169 0.036393
0 0.550766 0.379525 0.021446 0.034660
0 0.594145 0.386457 0.024370 0.024262
0 0.575624 0.378659 0.014622 0.019063
0 0.511287 0.382125 0.034118 0.053723
0 0.432815 0.369994 0.027295 0.036393
2 0.440613 0.340533 0.029244 0.071053
0 0.487891 0.343999 0.022421 0.012131
0 0.461084 0.356996 0.007798 0.027728
1 0.541018 0.360462 0.021446 0.034660
