0 0.955971 0.484420 0.086013 0.134446
0 0.020661 0.352746 0.041321 0.042967
0 0.158658 0.352746 0.039762 0.029107
0 0.298214 0.354825 0.027288 0.024949
0 0.344213 0.363142 0.017932 0.013860
0 0.323553 0.358983 0.014034 0.011088
0 0.360196 0.361062 0.007796 0.009702
0 0.383196 0.361756 0.011695 0.011088
0 0.370332 0.358290 0.007796 0.009702
0 0.394501 0.361062 0.007796 0.012474
0 0.401128 0.360369 0.003898 0.011088
0 0.409314 0.361756 0.006237 0.008316
0 0.418670 0.360369 0.006237 0.008316
0 0.477923 0.394327 0.049897 0.067916
0 0.544193 0.386704 0.035864 0.049897
0 0.629954 0.395020 0.031186 0.030493
0 0.714545 0.413732 0.099015 0.112269
0 0.786272 0.415118 0.047558 0.051283
0 0.609683 0.364528 0.007796 0.011088
0 0.518464 0.377695 0.015593 0.026335
2 0.513397 0.363142 0.019491 0.041581
0 0.530549 0.370765 0.010135 0.020791
0 0.564074 0.382546 0.007017 0.022177
0 0.429974 0.360369 0.011695 0.008316
0 0.439720 0.359676 0.009356 0.009702
0 0.449076 0.360369 0.009356 0.013860
