0 0.673952 0.543178 0.129113 0.173426
0 0.261269 0.527875 0.078424 0.085013
0 0.510887 0.509173 0.032517 0.040806
0 0.551838 0.504975 0.022953 0.022103
0 0.120592 0.512600 0.026953 0.017056
0 0.168890 0.545755 0.090683 0.096968
0 0.335215 0.512626 0.062165 0.081612
0 0.373949 0.512626 0.022953 0.034005
0 0.397381 0.504125 0.025823 0.023804
0 0.428942 0.510076 0.018171 0.018703
0 0.453808 0.507525 0.012433 0.013602
0 0.533667 0.504125 0.011477 0.020403
0 0.580052 0.501575 0.014346 0.028904
0 0.585312 0.504975 0.015302 0.022103
0 0.596311 0.500724 0.008608 0.037406
0 0.604918 0.500724 0.008608 0.037406
0 0.623568 0.500724 0.024866 0.071411
0 0.068326 0.566002 0.136652 0.143493
