0 0.518992 0.486428 0.033061 0.049592
0 0.536556 0.491939 0.033061 0.053265
0 0.553087 0.501122 0.039260 0.067959
0 0.574783 0.504796 0.041327 0.090000
0 0.614560 0.504796 0.079554 0.112041
0 0.685504 0.516735 0.116747 0.143265
0 0.814305 0.558673 0.213865 0.200204
0 0.088409 0.501035 0.039260 0.056939
0 0.182944 0.500117 0.036161 0.036735
0 0.148333 0.495525 0.033061 0.034898
0 0.228403 0.496443 0.044426 0.044082
0 0.273862 0.495525 0.036161 0.034898
0 0.352899 0.484504 0.043393 0.045918
0 0.032840 0.487259 0.065680 0.135918
0 0.944803 0.598754 0.107221 0.298256
