0 0.474112 0.500333 0.020201 0.040810
0 0.466766 0.503597 0.014692 0.040810
0 0.454829 0.508495 0.022037 0.053869
0 0.446106 0.517473 0.015610 0.058767
0 0.429119 0.524819 0.029383 0.070193
0 0.412591 0.529716 0.033056 0.083253
0 0.375862 0.540327 0.069785 0.104474
0 0.323982 0.576239 0.087232 0.130593
0 0.212417 0.608888 0.167118 0.235067
0 0.081110 0.640447 0.159772 0.300363
0 0.497068 0.494075 0.012855 0.016324
0 0.503954 0.498972 0.010101 0.019589
0 0.517728 0.500605 0.017446 0.022854
0 0.535633 0.502237 0.014692 0.032648
0 0.540684 0.504686 0.013773 0.027751
0 0.555834 0.507134 0.025710 0.042443
0 0.558589 0.509583 0.020201 0.034281
0 0.572362 0.513664 0.023874 0.035913
0 0.594859 0.535973 0.063358 0.081620
0 0.757692 0.635006 0.221905 0.222007
0 0.920524 0.629293 0.157017 0.409734
