0 0.485156 0.593125 0.016875 0.030000
0 0.468808 0.583750 0.005273 0.018750
0 0.460898 0.583750 0.010547 0.026250
0 0.412383 0.587500 0.018984 0.030000
0 0.508887 0.605312 0.036914 0.065625
0 0.547383 0.606250 0.065391 0.086250
0 0.395508 0.584687 0.010547 0.020625
0 0.380742 0.586562 0.014766 0.016875
0 0.364922 0.589375 0.016875 0.022500
0 0.338027 0.591250 0.026367 0.026250
0 0.313769 0.592187 0.024258 0.024375
0 0.300058 0.597812 0.017930 0.028125
0 0.272637 0.604375 0.034805 0.030000
0 0.240469 0.606250 0.033750 0.033750
0 0.200918 0.604375 0.030586 0.037500
0 0.068027 0.618437 0.060117 0.043125
0 0.437840 0.610687 0.050625 0.076875
0 0.621883 0.648187 0.155039 0.215625
0 0.782071 0.632519 0.124453 0.136875
0 0.136603 0.617519 0.052734 0.035625
0 0.909140 0.653437 0.179297 0.178125
0 0.011074 0.623437 0.022148 0.054375
