0 0.501147 0.423299 0.010438 0.026804
0 0.512745 0.424330 0.010438 0.037113
0 0.530722 0.425361 0.018557 0.039175
0 0.551482 0.437113 0.027835 0.078351
0 0.577577 0.445361 0.035954 0.111340
0 0.602368 0.459794 0.048421 0.123711
0 0.685148 0.469072 0.140335 0.167010
0 0.841025 0.543299 0.268260 0.261856
0 0.962629 0.669072 0.073067 0.288660
0 0.413235 0.430103 0.015077 0.028866
0 0.397577 0.432165 0.016237 0.032990
0 0.383080 0.432165 0.012758 0.037113
0 0.366843 0.433196 0.024356 0.051546
0 0.350606 0.436289 0.017397 0.057732
0 0.330889 0.439382 0.022036 0.072165
0 0.299459 0.438969 0.045000 0.087835
0 0.252603 0.449278 0.051031 0.096082
0 0.163879 0.467835 0.128737 0.129072
0 0.477255 0.415876 0.010438 0.018557
0 0.443505 0.420206 0.023196 0.032990
