0 0.054102 0.439313 0.106254 0.192362
0 0.150608 0.417651 0.088708 0.086650
0 0.274896 0.439313 0.132574 0.164634
0 0.380175 0.387324 0.062388 0.077985
0 0.518598 0.465308 0.152070 0.244352
0 0.884151 0.447112 0.230055 0.221823
0 0.680903 0.374326 0.069211 0.079718
0 0.588784 0.390790 0.048740 0.091849
0 0.418193 0.393389 0.019496 0.041592
0 0.435739 0.377792 0.019496 0.027728
0 0.331922 0.389923 0.034118 0.048524
0 0.207634 0.393389 0.031194 0.045058
2 0.648735 0.353530 0.086758 0.090116
0 0.720870 0.370860 0.010723 0.041592
0 0.730131 0.362195 0.017547 0.031194
0 0.760350 0.372593 0.019496 0.045058
0 0.793494 0.370860 0.070186 0.069320
0 0.983094 0.390790 0.030219 0.071053
0 0.950925 0.356130 0.073111 0.043325
