0 0.113249 0.728973 0.225812 0.268115
0 0.274896 0.685398 0.046791 0.057189
2 0.843696 0.710527 0.299266 0.457510
0 0.344595 0.682799 0.028269 0.027728
0 0.393335 0.674134 0.012673 0.013864
0 0.383099 0.675000 0.009748 0.015597
0 0.374814 0.675000 0.010723 0.019063
0 0.364578 0.675867 0.023395 0.024262
0 0.408932 0.670668 0.010723 0.013864
0 0.421117 0.671534 0.011698 0.015597
0 0.431352 0.673267 0.008773 0.019063
0 0.436714 0.671534 0.009748 0.022529
0 0.447924 0.675867 0.018521 0.027728
0 0.450361 0.682799 0.019496 0.027728
0 0.462546 0.675867 0.016572 0.048524
0 0.476194 0.681066 0.012673 0.058922
0 0.486429 0.686265 0.037043 0.055456
0 0.503976 0.695796 0.037043 0.071053
0 0.522010 0.694063 0.026320 0.084917
0 0.549792 0.706194 0.074085 0.116110
0 0.621440 0.729590 0.149146 0.162901
