0 0.462083 0.483449 0.014350 0.029764
0 0.472846 0.482386 0.014350 0.019134
0 0.503340 0.483449 0.013155 0.017008
0 0.525464 0.485575 0.019134 0.042520
0 0.553925 0.482386 0.033484 0.057402
0 0.376818 0.497268 0.046639 0.061654
1 0.427522 0.474095 0.046639 0.068032
0 0.305066 0.498543 0.080123 0.112677
0 0.588964 0.493228 0.044247 0.085039
0 0.617067 0.507047 0.071752 0.116929
0 0.679252 0.524055 0.129154 0.167953
0 0.753396 0.567638 0.150679 0.182835
0 0.885061 0.605906 0.223627 0.433701
0 0.200427 0.513425 0.155463 0.150945
