0 0.585923 0.401028 0.066141 0.092071
0 0.471222 0.370660 0.008736 0.013311
0 0.460926 0.372324 0.014351 0.021076
0 0.450319 0.376761 0.011855 0.025514
0 0.437215 0.383971 0.025583 0.028841
0 0.417248 0.386744 0.023087 0.029951
0 0.396654 0.385518 0.034324 0.029716
0 0.479958 0.370660 0.003744 0.011093
0 0.485573 0.372324 0.007488 0.012202
0 0.494621 0.374542 0.009360 0.014421
0 0.501173 0.375651 0.006240 0.014421
0 0.511468 0.381752 0.015599 0.026623
0 0.537675 0.390627 0.039310 0.064339
0 0.966846 0.439277 0.066141 0.113147
0 0.034582 0.394388 0.068017 0.116327
0 0.368987 0.400365 0.046492 0.058163
