0 0.754282 0.417656 0.015820 0.032812
0 0.148315 0.440156 0.017139 0.028125
0 0.245215 0.442500 0.021094 0.042187
0 0.324975 0.435468 0.032959 0.032812
0 0.440991 0.433125 0.011865 0.032812
0 0.281470 0.454218 0.056689 0.065625
0 0.125903 0.442500 0.017139 0.023437
0 0.105469 0.444843 0.021094 0.023437
0 0.074487 0.449531 0.014502 0.037500
0 0.215903 0.451714 0.057392 0.069992
0 0.047642 0.435234 0.055371 0.058594
0 0.086534 0.451640 0.022412 0.044531
2 0.178819 0.436406 0.046143 0.056250
2 0.862388 0.388359 0.189844 0.236719
2 0.364048 0.405937 0.158203 0.295312
0 0.025230 0.457500 0.050098 0.093750
