0 0.416591 0.531957 0.005717 0.015708
0 0.411913 0.533343 0.008836 0.020329
0 0.402557 0.531495 0.021310 0.036961
0 0.399179 0.535192 0.014553 0.033265
0 0.394501 0.536116 0.015593 0.033265
0 0.387224 0.536578 0.013514 0.050821
0 0.362795 0.538426 0.053016 0.080390
0 0.334988 0.553672 0.060812 0.086858
0 0.227657 0.567196 0.175680 0.214374
0 0.428026 0.534394 0.018192 0.030493
0 0.439460 0.532545 0.005717 0.013860
0 0.451675 0.535780 0.005198 0.016632
0 0.461291 0.538090 0.016113 0.026797
0 0.463370 0.539014 0.016113 0.023101
0 0.477663 0.542248 0.025988 0.033265
0 0.053806 0.683162 0.103433 0.373306
