0 0.476191 0.333750 0.007383 0.020625
0 0.480937 0.331875 0.010547 0.031875
0 0.489375 0.333750 0.012656 0.035625
0 0.515215 0.336562 0.045352 0.075000
0 0.542637 0.360000 0.041133 0.084375
0 0.579551 0.370312 0.070664 0.112500
0 0.462480 0.330000 0.022148 0.054375
0 0.376523 0.343125 0.023203 0.024375
0 0.361758 0.345937 0.014766 0.037500
0 0.345937 0.345000 0.031641 0.050625
0 0.322207 0.353437 0.045352 0.048750
0 0.290039 0.364687 0.027422 0.063750
0 0.252070 0.367500 0.069609 0.099375
0 0.185098 0.378750 0.100195 0.121875
2 0.417274 0.319125 0.039023 0.060000
2 0.387743 0.321000 0.030586 0.048750
0 0.760574 0.304125 0.040078 0.052500
0 0.642977 0.394125 0.133945 0.165000
0 0.442441 0.361875 0.055898 0.078750
0 0.070664 0.423750 0.141328 0.416250
0 0.816328 0.471562 0.326953 0.301875
2 0.932871 0.269062 0.131836 0.253125
