0 0.176865 0.473986 0.040477 0.009386
0 0.213382 0.473986 0.050156 0.018772
0 0.058955 0.481808 0.117910 0.168946
0 0.300934 0.494322 0.098552 0.100116
0 0.814282 0.519351 0.051036 0.028158
0 0.922953 0.525608 0.152227 0.118888
0 0.976629 0.650753 0.044876 0.118888
0 0.462400 0.512312 0.011439 0.014079
0 0.481759 0.508401 0.029038 0.021900
0 0.436443 0.507619 0.010559 0.014079
0 0.425884 0.502926 0.010559 0.017207
0 0.415764 0.499015 0.009679 0.025029
0 0.403446 0.500579 0.013199 0.031286
0 0.378808 0.499015 0.037837 0.050058
0 0.520036 0.506837 0.019358 0.025029
0 0.631786 0.494322 0.043996 0.015643
0 0.531475 0.509183 0.010559 0.020336
0 0.544673 0.510039 0.024638 0.028305
0 0.718019 0.542034 0.160146 0.164253
