0 0.317039 0.380132 0.014988 0.028421
0 0.301052 0.383684 0.018984 0.024868
0 0.269578 0.387237 0.011990 0.028421
0 0.285565 0.386349 0.017985 0.033750
0 0.347514 0.380132 0.013988 0.028421
0 0.365000 0.381908 0.014988 0.024868
0 0.382485 0.378355 0.015987 0.017763
0 0.410962 0.372138 0.010991 0.023092
0 0.426949 0.375691 0.012989 0.019539
0 0.449930 0.379243 0.014988 0.026645
2 0.481404 0.357039 0.055954 0.103026
0 0.513877 0.397007 0.064947 0.104803
0 0.573328 0.422763 0.107911 0.113684
0 0.145180 0.508026 0.288762 0.419211
0 0.824122 0.503586 0.351711 0.481382
