0 0.536211 0.418900 0.009278 0.022680
0 0.567526 0.401375 0.011598 0.020619
0 0.550129 0.418900 0.025515 0.039175
0 0.588982 0.400344 0.040593 0.022680
0 0.573905 0.443643 0.031314 0.068041
0 0.400709 0.418351 0.010438 0.022680
0 0.369974 0.421443 0.020876 0.024742
0 0.352577 0.427629 0.013918 0.012371
0 0.325902 0.423505 0.020876 0.020619
0 0.310245 0.429691 0.012758 0.020619
0 0.287049 0.434845 0.024356 0.014433
0 0.287629 0.430204 0.025515 0.025768
0 0.265593 0.437938 0.009278 0.020619
0 0.249356 0.437938 0.016237 0.016495
0 0.206443 0.419382 0.023196 0.020619
0 0.223260 0.443093 0.031314 0.043299
0 0.136435 0.463299 0.024356 0.039175
0 0.169489 0.452990 0.046392 0.039175
0 0.515108 0.422062 0.032474 0.043299
0 0.443201 0.423093 0.051031 0.070103
0 0.608471 0.447835 0.068428 0.086598
0 0.089807 0.461534 0.034994 0.032990
