0 0.368235 0.553608 0.019716 0.037113
0 0.390851 0.550516 0.032474 0.043299
0 0.347358 0.558763 0.038273 0.043299
0 0.273711 0.561856 0.053351 0.065979
0 0.222680 0.583505 0.064948 0.076289
0 0.165851 0.593815 0.083505 0.101031
0 0.080026 0.595876 0.104381 0.113402
0 0.035954 0.624742 0.071907 0.303093
0 0.425644 0.549485 0.025515 0.024742
0 0.450000 0.547423 0.018557 0.024742
0 0.485954 0.549485 0.013918 0.024742
0 0.494072 0.554639 0.013918 0.035052
0 0.506830 0.552577 0.020876 0.051546
0 0.520748 0.559794 0.025515 0.053608
0 0.534665 0.565979 0.034794 0.049485
0 0.567719 0.573196 0.052191 0.063918
0 0.572358 0.577320 0.040593 0.076289
0 0.621650 0.583505 0.095103 0.121650
0 0.686018 0.610309 0.111340 0.154639
2 0.846070 0.635052 0.287629 0.278351
0 0.946972 0.777320 0.102062 0.257732
