0 0.037739 0.560204 0.075478 0.254082
0 0.472816 0.471429 0.024968 0.039796
0 0.489174 0.467602 0.011193 0.016837
0 0.404369 0.509184 0.127424 0.211225
0 0.905023 0.506123 0.061129 0.058163
2 0.833132 0.486225 0.082653 0.048980
0 0.647019 0.478010 0.026690 0.035204
0 0.672848 0.480306 0.031856 0.039796
0 0.695664 0.482602 0.030995 0.041327
0 0.718049 0.485663 0.030995 0.038265
2 0.769707 0.486429 0.068878 0.045918
0 0.826674 0.506123 0.035300 0.033673
0 0.864557 0.504592 0.043909 0.045918
0 0.978357 0.512904 0.041884 0.056846
