0 0.452410 0.811089 0.022965 0.028579
0 0.340647 0.807006 0.026027 0.034022
0 0.294717 0.814491 0.035213 0.040827
0 0.109084 0.819935 0.051288 0.040827
0 0.638043 0.823337 0.055881 0.069405
0 0.547332 0.815852 0.027558 0.032661
0 0.571445 0.813130 0.017606 0.029940
0 0.666750 0.831502 0.019903 0.050353
0 0.695839 0.828780 0.045930 0.050353
0 0.741386 0.834904 0.062005 0.062601
0 0.805688 0.841709 0.071957 0.073488
0 0.868076 0.851235 0.095687 0.078931
0 0.525898 0.813130 0.025261 0.027218
0 0.505995 0.813811 0.020668 0.025857
0 0.592496 0.812450 0.037509 0.039466
0 0.955726 0.864844 0.085736 0.133367
0 0.024496 0.825378 0.027558 0.027218
0 0.074636 0.830822 0.023730 0.021774
0 0.228119 0.815852 0.032151 0.019052
0 0.205537 0.814491 0.022199 0.021774
0 0.395763 0.812450 0.024496 0.036744
0 0.424469 0.820615 0.032916 0.053075
0 0.472696 0.826059 0.032916 0.050353
