0 0.335471 0.486652 0.010926 0.014568
0 0.346397 0.484224 0.010926 0.019424
0 0.359372 0.480582 0.015024 0.012140
0 0.369615 0.486652 0.013658 0.024281
0 0.375761 0.491509 0.015024 0.024281
0 0.379176 0.498793 0.019121 0.029137
0 0.390102 0.500007 0.032779 0.036421
0 0.388053 0.507291 0.025950 0.036421
0 0.392833 0.513361 0.019121 0.048561
0 0.218696 0.513361 0.017755 0.072842
0 0.201624 0.515789 0.032779 0.087410
0 0.414686 0.521859 0.043705 0.060701
1 0.278108 0.472084 0.109263 0.194245
0 0.100129 0.587417 0.200258 0.293795
