0 0.468632 0.588628 0.024866 0.044207
0 0.438506 0.591178 0.012433 0.035705
0 0.424160 0.589478 0.025823 0.042506
0 0.418900 0.597129 0.021041 0.040806
0 0.405988 0.594578 0.010520 0.059509
0 0.361994 0.601379 0.083206 0.090113
0 0.583877 0.590328 0.023910 0.054408
0 0.598702 0.595429 0.024866 0.081612
0 0.266833 0.605290 0.116680 0.127519
0 0.519799 0.622293 0.098508 0.141121
1 0.721120 0.537790 0.223796 0.307746
0 0.065513 0.654427 0.131026 0.185328
3 0.841912 0.611751 0.021997 0.074811
3 0.854823 0.607500 0.017215 0.079912
3 0.871560 0.608350 0.018171 0.074811
