1 0.474132 0.447791 0.013846 0.039762
0 0.456027 0.452525 0.020236 0.026508
0 0.494901 0.464832 0.027691 0.039762
0 0.515137 0.460098 0.017041 0.041655
0 0.534307 0.467672 0.014911 0.041655
0 0.549750 0.465778 0.022366 0.045442
0 0.556673 0.475246 0.019171 0.056802
0 0.441649 0.454418 0.010650 0.030295
0 0.434193 0.458205 0.012781 0.045442
0 0.423543 0.461992 0.019171 0.053015
0 0.413425 0.467672 0.022366 0.071950
0 0.380409 0.471459 0.064968 0.098457
0 0.371888 0.491339 0.043667 0.107924
0 0.321831 0.496073 0.099049 0.189341
0 0.188169 0.532048 0.270521 0.321879
0 0.600340 0.460098 0.089464 0.155259
0 0.675958 0.526368 0.193838 0.204488
0 0.063198 0.702455 0.126396 0.465778
0 0.883641 0.527314 0.230049 0.297265
