0 0.850052 0.566575 0.295200 0.333780
0 0.041257 0.444862 0.082515 0.144567
0 0.551892 0.482067 0.075340 0.082913
0 0.444862 0.453685 0.045443 0.059528
0 0.347399 0.431362 0.044247 0.027638
0 0.246348 0.443055 0.057402 0.055276
0 0.196720 0.444118 0.044247 0.048898
0 0.404203 0.434551 0.023917 0.017008
0 0.108226 0.436890 0.087298 0.121181
0 0.281029 0.432638 0.016742 0.036142
0 0.382677 0.434764 0.011959 0.010630
0 0.472367 0.452835 0.011959 0.038268
0 0.480140 0.456024 0.010763 0.044646
0 0.496285 0.454961 0.028701 0.063780
0 0.521398 0.456024 0.057402 0.074409
