0 0.445645 0.455268 0.019501 0.036707
0 0.426145 0.448131 0.019501 0.030589
0 0.461131 0.482798 0.036707 0.063218
0 0.383702 0.476680 0.030971 0.042825
0 0.502426 0.508289 0.084885 0.114199
0 0.375099 0.488916 0.036707 0.050982
0 0.364775 0.501152 0.027530 0.063218
0 0.345848 0.515427 0.056208 0.104003
0 0.391158 0.457307 0.027530 0.036707
0 0.419262 0.454248 0.021795 0.034668
0 0.319178 0.530721 0.086032 0.118278
0 0.159637 0.622998 0.262684 0.299773
2 0.613694 0.460876 0.172064 0.414653
0 0.855731 0.666843 0.287920 0.570997
