0 0.459306 0.537193 0.009331 0.010208
0 0.453564 0.537831 0.005024 0.011484
0 0.447463 0.536555 0.007177 0.008932
0 0.437415 0.537193 0.011484 0.010208
0 0.422701 0.532089 0.017944 0.020416
0 0.345185 0.543573 0.015073 0.025520
0 0.334059 0.543573 0.018661 0.030624
0 0.322576 0.548677 0.018661 0.033176
0 0.307144 0.548677 0.023686 0.048488
0 0.660429 0.558885 0.083259 0.142911
0 0.763477 0.569275 0.185178 0.209263
0 0.238958 0.560799 0.121299 0.149291
0 0.385071 0.552505 0.076799 0.140359
0 0.523903 0.574197 0.116993 0.188847
0 0.893132 0.646928 0.210300 0.293478
0 0.511767 0.475008 0.046653 0.019140
