0 0.558178 0.448505 0.012614 0.015698
0 0.543041 0.450747 0.015137 0.015698
0 0.531058 0.452990 0.011353 0.015698
0 0.520966 0.455232 0.013876 0.020183
0 0.505829 0.460839 0.026490 0.031395
0 0.492584 0.456353 0.012614 0.022425
0 0.476817 0.460839 0.023967 0.031395
0 0.461679 0.472051 0.013876 0.044850
0 0.445912 0.469809 0.032797 0.058306
0 0.421945 0.472051 0.037843 0.071761
0 0.384102 0.481021 0.058025 0.080731
0 0.354143 0.492234 0.060548 0.085216
0 0.285869 0.502325 0.118889 0.127824
0 0.163354 0.507932 0.143802 0.134551
0 0.050291 0.520265 0.100582 0.287043
0 0.918023 0.682892 0.162723 0.482143
0 0.575207 0.447383 0.021444 0.031395
0 0.582145 0.459717 0.022706 0.029153
0 0.596021 0.470930 0.020183 0.051578
0 0.607373 0.475415 0.030274 0.056063
0 0.609266 0.479900 0.023967 0.056063
0 0.628187 0.488870 0.041627 0.096428
0 0.662245 0.502325 0.059287 0.163704
0 0.778926 0.531478 0.244715 0.313953
