0 0.913659 0.562799 0.170544 0.375554
0 0.772943 0.482323 0.065972 0.092329
0 0.570267 0.527254 0.217264 0.361859
0 0.684428 0.480582 0.050534 0.114119
0 0.745888 0.452660 0.012292 0.024281
0 0.735645 0.458730 0.016389 0.026709
0 0.724719 0.463586 0.013658 0.036421
0 0.715841 0.464800 0.009560 0.038849
0 0.709012 0.470870 0.015024 0.036421
0 0.219208 0.486017 0.017755 0.050989
0 0.240378 0.486017 0.035510 0.046133
0 0.070338 0.509083 0.086044 0.101978
0 0.109946 0.482374 0.015024 0.019424
0 0.170723 0.477518 0.016389 0.014568
0 0.150236 0.481160 0.013658 0.016996
0 0.142041 0.482374 0.010926 0.019424
0 0.133847 0.483589 0.010926 0.016996
0 0.121555 0.481160 0.010926 0.016996
0 0.194624 0.472662 0.009560 0.019424
