0 0.088264 0.582387 0.174820 0.254599
0 0.202990 0.526715 0.142041 0.162680
0 0.295863 0.498793 0.095605 0.131115
0 0.349811 0.486652 0.050534 0.097122
0 0.379176 0.483010 0.043705 0.080126
0 0.404443 0.486652 0.023218 0.063130
0 0.419466 0.479368 0.015024 0.067986
0 0.433807 0.474512 0.016389 0.029137
0 0.553996 0.466014 0.010926 0.036421
0 0.564239 0.464800 0.009560 0.038849
0 0.571068 0.479368 0.025950 0.058273
0 0.601798 0.485438 0.054631 0.080126
0 0.641406 0.503649 0.057363 0.126259
0 0.700135 0.517003 0.114726 0.220953
0 0.848322 0.577705 0.296375 0.507464
0 0.495950 0.524287 0.143407 0.201529
