0 0.624718 0.459157 0.011353 0.015698
0 0.635440 0.465884 0.010091 0.020183
0 0.661930 0.473733 0.022706 0.026910
0 0.683374 0.479339 0.025228 0.038123
0 0.702926 0.480461 0.031535 0.053821
0 0.722478 0.479339 0.027751 0.065033
0 0.593182 0.461399 0.023967 0.020183
0 0.564801 0.459157 0.022706 0.029153
0 0.415638 0.491673 0.080731 0.071761
0 0.511506 0.475976 0.031535 0.040365
0 0.543041 0.468127 0.023967 0.033638
0 0.607878 0.462184 0.011353 0.020183
2 0.654298 0.454111 0.031535 0.051578
2 0.860919 0.390199 0.274989 0.513538
