0 0.492395 0.450296 0.013988 0.015987
0 0.475409 0.451184 0.011990 0.017763
0 0.460921 0.453849 0.014988 0.019539
0 0.445933 0.453849 0.010991 0.019539
0 0.534860 0.444079 0.010991 0.014211
0 0.506883 0.449408 0.010991 0.021316
0 0.545351 0.451184 0.005995 0.014211
0 0.570331 0.448520 0.011990 0.019539
0 0.557841 0.458289 0.020983 0.031974
0 0.580822 0.454737 0.014988 0.021316
0 0.520056 0.454737 0.024613 0.035526
0 0.685736 0.456513 0.022981 0.017763
0 0.636276 0.468059 0.049959 0.069276
0 0.405466 0.457401 0.027977 0.033750
0 0.357006 0.462730 0.040966 0.044408
0 0.327530 0.457401 0.013988 0.019539
0 0.237105 0.459178 0.022981 0.015987
0 0.258587 0.460066 0.019984 0.014211
2 0.045363 0.464507 0.090725 0.154539
