0 0.522629 0.558048 0.028426 0.057754
0 0.558669 0.577901 0.057867 0.079412
0 0.363241 0.567072 0.012182 0.032487
0 0.344460 0.563463 0.027411 0.050535
0 0.318065 0.567072 0.033502 0.046925
0 0.287608 0.576999 0.033502 0.052340
0 0.251568 0.582413 0.056852 0.063168
0 0.193194 0.592340 0.065988 0.093850
0 0.112485 0.607681 0.117764 0.124532
0 0.032893 0.628436 0.065785 0.126337
0 0.415524 0.521050 0.019289 0.023463
0 0.464254 0.524659 0.084262 0.027072
0 0.756634 0.530074 0.100506 0.052340
0 0.924651 0.558048 0.125886 0.093850
0 0.984041 0.587828 0.031471 0.077607
0 0.442935 0.687093 0.228422 0.308623
