0 0.060555 0.407653 0.037883 0.033673
0 0.120823 0.423725 0.067156 0.075000
0 0.185395 0.396939 0.046492 0.036735
0 0.231457 0.419133 0.050797 0.075000
0 0.294739 0.401531 0.017219 0.039796
0 0.271923 0.411480 0.031856 0.050510
0 0.330899 0.379337 0.012054 0.038265
0 0.343814 0.381633 0.013776 0.030612
0 0.316263 0.390817 0.020663 0.045918
0 0.171620 0.452806 0.065434 0.071939
0 0.076913 0.470408 0.123980 0.104082
0 0.022242 0.440561 0.043909 0.130102
0 0.452583 0.426021 0.025829 0.039796
0 0.495632 0.423725 0.039605 0.050510
0 0.471524 0.426786 0.012054 0.022959
