0 0.020373 0.557157 0.038018 0.279012
0 0.661163 0.593550 0.189113 0.305007
0 0.579913 0.524057 0.012673 0.013864
0 0.569678 0.524057 0.011698 0.020796
0 0.557980 0.524923 0.023395 0.025995
0 0.543358 0.524923 0.017547 0.022529
0 0.528736 0.527523 0.015597 0.020796
0 0.516551 0.531855 0.016572 0.019063
0 0.501441 0.533588 0.019496 0.025995
0 0.479995 0.533588 0.025345 0.022529
0 0.456113 0.533588 0.024370 0.025995
0 0.432717 0.525876 0.026320 0.051816
0 0.399086 0.530122 0.044841 0.064121
0 0.363018 0.536188 0.052640 0.076252
0 0.119170 0.561489 0.169617 0.164634
0 0.289518 0.545892 0.105279 0.105712
