0 0.569347 0.486210 0.025829 0.022041
0 0.556432 0.497230 0.016531 0.025714
0 0.587944 0.499067 0.021696 0.025714
0 0.445465 0.497449 0.048559 0.049592
0 0.365223 0.515816 0.032028 0.042245
0 0.334228 0.513980 0.042360 0.060612
0 0.293418 0.515510 0.064056 0.073469
0 0.235561 0.515510 0.076454 0.077143
0 0.104349 0.525612 0.092985 0.086327
0 0.599579 0.506633 0.018597 0.038571
0 0.618004 0.511148 0.030650 0.051275
0 0.634879 0.521173 0.025829 0.060612
0 0.650893 0.523928 0.037194 0.069796
0 0.675689 0.527985 0.051658 0.092602
0 0.708750 0.536633 0.066122 0.104694
0 0.742844 0.555000 0.095051 0.141429
0 0.842028 0.583163 0.182870 0.224082
0 0.927436 0.597857 0.142577 0.310408
0 0.032790 0.526224 0.064056 0.108367
