0 0.484039 0.372984 0.014007 0.016008
0 0.468531 0.375652 0.013006 0.024901
0 0.464029 0.380988 0.016008 0.039130
2 0.429512 0.359644 0.027013 0.039130
0 0.437516 0.414783 0.057028 0.085376
0 0.509051 0.373874 0.012006 0.024901
0 0.521057 0.372984 0.012006 0.026680
0 0.527060 0.377431 0.020010 0.028459
0 0.538566 0.385435 0.023011 0.033794
0 0.559076 0.397885 0.038019 0.051581
0 0.643118 0.413004 0.096047 0.135178
0 0.716654 0.434348 0.113056 0.135178
0 0.831711 0.477925 0.221109 0.204546
0 0.955272 0.531285 0.088044 0.265020
0 0.290944 0.425455 0.092045 0.117391
0 0.195397 0.466364 0.153076 0.163636
0 0.073836 0.541067 0.146072 0.259684
0 0.403083 0.391656 0.022421 0.041592
