0 0.526835 0.638067 0.035820 0.053491
0 0.855659 0.667359 0.120354 0.112076
0 0.078660 0.643161 0.075938 0.084057
0 0.027223 0.648658 0.054446 0.098534
0 0.950939 0.658444 0.095997 0.099340
0 0.222082 0.630425 0.048715 0.053491
0 0.304467 0.620236 0.030088 0.038208
0 0.333122 0.625331 0.032954 0.043302
0 0.380834 0.617689 0.017193 0.017830
0 0.433847 0.612595 0.014328 0.017830
0 0.396595 0.613868 0.011462 0.020377
2 0.577842 0.653350 0.090265 0.135000
0 0.466371 0.608774 0.010029 0.020377
2 0.453906 0.603680 0.014328 0.035660
