0 0.040461 0.441733 0.046437 0.036421
0 0.088947 0.439305 0.023218 0.041277
0 0.113531 0.439305 0.020487 0.031565
0 0.141529 0.441733 0.019121 0.036421
0 0.156553 0.447804 0.016389 0.029137
0 0.206404 0.440519 0.023218 0.029137
0 0.222111 0.440519 0.016389 0.019424
0 0.239866 0.442947 0.016389 0.024281
0 0.941930 0.457516 0.112097 0.082554
0 0.523266 0.455088 0.020487 0.029137
0 0.489121 0.458730 0.025950 0.031565
0 0.467952 0.445375 0.013658 0.024281
0 0.502096 0.435663 0.010926 0.019424
0 0.655747 0.457516 0.028681 0.029137
0 0.602481 0.455088 0.031413 0.029137
