2 0.445520 0.471700 0.011005 0.017787
0 0.434014 0.483261 0.008004 0.008893
0 0.417506 0.493044 0.009004 0.014229
0 0.464029 0.477036 0.010005 0.014229
0 0.405000 0.493933 0.018009 0.026680
0 0.426888 0.497727 0.018009 0.023123
0 0.448399 0.493281 0.019009 0.024901
0 0.473411 0.487945 0.011005 0.017787
2 0.492921 0.480830 0.018009 0.024901
0 0.508428 0.501285 0.023011 0.037352
0 0.530939 0.501285 0.020010 0.033794
0 0.322336 0.501285 0.029014 0.048024
0 0.302326 0.504842 0.041020 0.051581
0 0.262307 0.514625 0.065032 0.060474
0 0.016847 0.474605 0.033694 0.069368
0 0.202273 0.500835 0.018521 0.045058
0 0.217870 0.499102 0.010723 0.027728
0 0.237366 0.495636 0.018521 0.027728
0 0.394310 0.488704 0.008773 0.017330
0 0.383587 0.481772 0.014622 0.017330
0 0.377251 0.489570 0.013647 0.025995
