2 0.125357 0.753061 0.115714 0.113878
0 0.215759 0.784286 0.034094 0.029388
0 0.260185 0.787041 0.021696 0.023878
0 0.529840 0.803571 0.029962 0.060612
0 0.449254 0.799898 0.015497 0.031224
0 0.467334 0.794388 0.022730 0.038571
2 0.413093 0.776020 0.058890 0.145102
0 0.494196 0.810000 0.043393 0.073469
0 0.621448 0.849490 0.143610 0.170816
0 0.725969 0.803571 0.020663 0.023878
0 0.784860 0.800816 0.035128 0.036735
0 0.833418 0.802653 0.049592 0.040408
0 0.877328 0.812755 0.036161 0.031224
0 0.980127 0.922959 0.037194 0.148775
0 0.317009 0.799898 0.036161 0.045918
