3 0.437889 0.603367 0.023763 0.056939
0 0.374349 0.604898 0.066122 0.091837
0 0.183214 0.558979 0.066122 0.036735
0 0.263284 0.599388 0.164273 0.146939
0 0.096429 0.624184 0.190102 0.214898
0 0.571339 0.581851 0.020663 0.042245
0 0.647793 0.584606 0.012398 0.014694
0 0.637978 0.582770 0.011365 0.029388
0 0.624547 0.581851 0.021696 0.038571
0 0.612149 0.587361 0.021696 0.038571
0 0.546543 0.595627 0.033061 0.062449
0 0.499018 0.594708 0.082653 0.104694
0 0.589420 0.595627 0.036161 0.044082
0 0.664840 0.580933 0.019630 0.033061
0 0.684471 0.584606 0.013431 0.022041
3 0.697902 0.592872 0.011365 0.020204
0 0.703584 0.609402 0.020663 0.056939
0 0.714432 0.615831 0.027895 0.069796
0 0.743361 0.635116 0.058890 0.112041
0 0.776939 0.648892 0.088852 0.121224
0 0.834279 0.670014 0.135344 0.174490
0 0.902985 0.793076 0.192168 0.409592
