0 0.532194 0.347472 0.012621 0.054224
0 0.545867 0.348407 0.018932 0.063573
0 0.557962 0.354017 0.026294 0.078532
0 0.570583 0.361496 0.028398 0.089751
0 0.653498 0.316621 0.147247 0.258033
0 0.251898 0.344979 0.047329 0.065443
0 0.185111 0.351524 0.092555 0.086011
0 0.330255 0.335630 0.025242 0.035526
0 0.414396 0.330333 0.008414 0.018698
0 0.381265 0.331267 0.015776 0.024307
0 0.482410 0.317867 0.010518 0.014958
0 0.470841 0.316932 0.008414 0.013089
0 0.016828 0.362119 0.033657 0.138366
0 0.849477 0.431614 0.300805 0.279848
