0 0.486429 0.564102 0.011155 0.024407
0 0.474416 0.558000 0.014587 0.039661
0 0.453508 0.562627 0.023797 0.050339
0 0.432172 0.575593 0.039470 0.070169
0 0.393130 0.583983 0.064354 0.102203
0 0.313403 0.591102 0.136430 0.161695
0 0.533922 0.562881 0.014587 0.032034
0 0.548509 0.558305 0.016303 0.044237
0 0.561809 0.565932 0.029174 0.047288
0 0.600421 0.590339 0.063496 0.099153
0 0.673484 0.635949 0.112405 0.135763
0 0.805821 0.679187 0.255236 0.253694
0 0.503504 0.568220 0.024025 0.044237
0 0.068676 0.818672 0.134263 0.323898
