0 0.057462 0.643561 0.114136 0.200869
0 0.843603 0.680778 0.311435 0.385423
0 0.270345 0.560072 0.006309 0.014275
0 0.273500 0.568739 0.004588 0.015295
0 0.245683 0.569759 0.007456 0.013255
0 0.254286 0.567720 0.009750 0.015295
0 0.264323 0.565680 0.009177 0.021412
0 0.280655 0.552983 0.008030 0.014275
0 0.278935 0.575925 0.008030 0.025491
0 0.235058 0.581023 0.009750 0.013255
0 0.253985 0.583572 0.009750 0.012236
0 0.247390 0.593769 0.027530 0.022432
0 0.228463 0.591730 0.010324 0.010196
0 0.260294 0.608554 0.021221 0.029569
0 0.227602 0.610083 0.023515 0.030589
0 0.205408 0.616575 0.028677 0.062198
0 0.182467 0.618614 0.032119 0.068316
0 0.147767 0.628810 0.054487 0.100944
0 0.113641 0.635948 0.060796 0.131533
2 0.302624 0.575279 0.045310 0.087689
0 0.299298 0.608418 0.013192 0.041805
0 0.309750 0.608089 0.022625 0.061541
0 0.353670 0.613516 0.010897 0.047923
0 0.371450 0.611477 0.034986 0.056080
0 0.384641 0.619634 0.028104 0.052002
0 0.417907 0.616065 0.053340 0.075453
0 0.452033 0.628301 0.071120 0.087689
0 0.532674 0.627791 0.117003 0.151926
0 0.598632 0.584966 0.028677 0.027530
0 0.653842 0.640332 0.192711 0.212085
0 0.335489 0.617876 0.034100 0.060622
