0 0.026006 0.606718 0.052012 0.229031
0 0.092021 0.561908 0.184042 0.173551
0 0.126829 0.525632 0.253659 0.172129
0 0.214450 0.517097 0.160037 0.146523
0 0.254059 0.502160 0.108025 0.108114
0 0.306871 0.509984 0.074417 0.072550
0 0.350481 0.494336 0.067216 0.064015
0 0.384489 0.492203 0.021605 0.048367
0 0.398892 0.495048 0.021605 0.039831
0 0.416096 0.491491 0.014403 0.032719
0 0.518120 0.492203 0.023205 0.045522
0 0.738971 0.497893 0.060014 0.079663
0 0.466508 0.497893 0.088020 0.167861
0 0.670555 0.507139 0.081619 0.086776
0 0.542125 0.502160 0.050412 0.068282
0 0.609341 0.490780 0.034408 0.034141
0 0.913011 0.503583 0.171240 0.145100
0 0.565331 0.486512 0.023205 0.045522
0 0.588536 0.489357 0.016804 0.025606
