0 0.255737 0.499763 0.029991 0.025592
0 0.190078 0.497630 0.031747 0.029858
0 0.131573 0.497630 0.043187 0.038389
0 0.088386 0.495497 0.045586 0.042654
0 0.490267 0.501895 0.009597 0.012796
0 0.501664 0.500829 0.010797 0.014929
0 0.518459 0.504028 0.015595 0.017062
0 0.535853 0.507227 0.009597 0.019194
0 0.547250 0.508293 0.008398 0.025592
0 0.561046 0.514692 0.014396 0.029858
0 0.580840 0.516824 0.025193 0.038389
0 0.605433 0.522156 0.023993 0.044787
0 0.630625 0.518957 0.028791 0.059716
0 0.655218 0.534952 0.051585 0.057583
0 0.865755 0.557346 0.182346 0.157820
0 0.953871 0.577606 0.092257 0.202606
