0 0.410418 0.539029 0.039608 0.067986
0 0.367396 0.548741 0.071021 0.106835
0 0.402223 0.551170 0.025950 0.067986
0 0.312082 0.574236 0.094239 0.114119
0 0.199404 0.604587 0.180283 0.165108
0 0.515583 0.518634 0.012292 0.019424
0 0.523778 0.521062 0.012292 0.019424
0 0.542216 0.523490 0.013658 0.014568
0 0.544948 0.510135 0.016389 0.026709
0 0.577044 0.522276 0.023218 0.031565
0 0.592750 0.517419 0.013658 0.031565
0 0.499877 0.516205 0.024584 0.043705
0 0.620492 0.524669 0.028169 0.046064
0 0.769645 0.533012 0.090467 0.101599
0 0.919719 0.530288 0.155699 0.184533
0 0.856109 0.647273 0.280186 0.321380
