0 0.307178 0.558984 0.068555 0.091406
0 0.233349 0.580078 0.087012 0.096094
0 0.426884 0.528515 0.018457 0.025781
0 0.457866 0.529687 0.019775 0.023437
0 0.441386 0.551953 0.039551 0.058594
0 0.484233 0.495703 0.025049 0.021094
0 0.486870 0.480468 0.025049 0.018750
0 0.496098 0.466406 0.011865 0.014062
0 0.513237 0.491015 0.014502 0.021094
0 0.544350 0.538359 0.048779 0.086719
0 0.571377 0.541875 0.023730 0.051562
0 0.593129 0.546562 0.046143 0.098437
0 0.381994 0.561914 0.090967 0.105469
0 0.497680 0.571289 0.100195 0.128906
0 0.108105 0.689648 0.216211 0.412500
0 0.858581 0.713085 0.279492 0.532031
0 0.651599 0.564257 0.117334 0.159375
