0 0.519160 0.584515 0.008190 0.016641
0 0.529106 0.587635 0.009361 0.018721
0 0.538466 0.585555 0.011701 0.022881
0 0.549582 0.585555 0.017551 0.027042
0 0.568303 0.589715 0.029252 0.031202
0 0.648687 0.594916 0.065992 0.062404
0 0.594981 0.595956 0.026912 0.052003
0 0.712690 0.610517 0.092436 0.093606
0 0.793659 0.614677 0.087755 0.101926
0 0.866320 0.665640 0.161470 0.124807
0 0.969871 0.651079 0.057333 0.116487
0 0.426023 0.589715 0.012871 0.018721
0 0.415492 0.592836 0.010531 0.016641
0 0.403206 0.586595 0.007020 0.024961
0 0.396186 0.591795 0.011701 0.022881
0 0.382730 0.599076 0.012871 0.024961
0 0.363424 0.596996 0.011701 0.020801
0 0.344703 0.598036 0.018721 0.027042
0 0.331247 0.605316 0.012871 0.016641
0 0.292986 0.624037 0.063184 0.120647
0 0.217633 0.637558 0.084245 0.139368
0 0.091851 0.671880 0.183701 0.282897
0 0.491780 0.589923 0.015211 0.020801
0 0.474931 0.576403 0.012871 0.027042
