0 0.250021 0.436840 0.050147 0.119717
0 0.212052 0.448302 0.083101 0.117170
0 0.139696 0.453397 0.130383 0.254717
0 0.499469 0.362972 0.011462 0.017830
0 0.479410 0.369340 0.014328 0.015283
0 0.477977 0.385897 0.011462 0.017830
0 0.460783 0.380802 0.014328 0.017830
0 0.463649 0.403727 0.011462 0.022925
0 0.457918 0.412642 0.017193 0.035660
0 0.495170 0.394812 0.011462 0.020377
0 0.508065 0.387170 0.011462 0.015283
0 0.508065 0.397359 0.017193 0.020377
0 0.506633 0.415189 0.020059 0.025472
0 0.591883 0.416463 0.030088 0.053491
0 0.397311 0.448302 0.118921 0.208868
0 0.479696 0.417736 0.025790 0.040755
0 0.533426 0.417736 0.035820 0.061132
0 0.630282 0.424104 0.055879 0.073868
0 0.065294 0.496335 0.128951 0.468680
0 0.851176 0.530722 0.296586 0.496699
