0 0.282694 0.539827 0.038992 0.043325
0 0.325098 0.548492 0.063363 0.053723
0 0.363603 0.546759 0.048740 0.064121
0 0.436227 0.563222 0.020471 0.051990
0 0.462059 0.553691 0.048740 0.060655
0 0.487891 0.558890 0.077010 0.071053
0 0.247601 0.589217 0.038992 0.062388
0 0.172541 0.536361 0.085783 0.053723
0 0.183751 0.548492 0.051665 0.043325
0 0.191550 0.597882 0.065312 0.062388
0 0.113565 0.567555 0.057514 0.050257
0 0.068724 0.543293 0.053614 0.039859
2 0.031194 0.517298 0.058488 0.077985
0 0.083833 0.617812 0.163768 0.119576
0 0.323149 0.609147 0.151095 0.102247
0 0.645323 0.635141 0.116977 0.119576
0 0.499102 0.689731 0.255400 0.259949
0 0.773510 0.736521 0.449386 0.370860
