3 0.081211 0.488437 0.061172 0.088125
3 0.149238 0.477187 0.030586 0.080625
0 0.527871 0.399375 0.024258 0.009375
0 0.476191 0.400312 0.015820 0.015000
0 0.397617 0.395625 0.008437 0.009375
0 0.419238 0.397500 0.036914 0.013125
0 0.387070 0.408750 0.025312 0.016875
0 0.383906 0.449062 0.046406 0.082500
0 0.532090 0.435937 0.045352 0.071250
0 0.505195 0.433125 0.035859 0.046875
1 0.547000 0.403500 0.047461 0.071250
1 0.509032 0.389437 0.030586 0.039375
2 0.464207 0.373500 0.029531 0.048750
2 0.348719 0.398280 0.060117 0.096691
0 0.456825 0.438187 0.132891 0.118125
0 0.261707 0.448500 0.158203 0.108750
0 0.836894 0.510937 0.323789 0.624375
0 0.037441 0.472500 0.074883 0.112500
