0 0.500537 0.500390 0.013184 0.035156
0 0.515698 0.509765 0.025049 0.049219
2 0.578979 0.480468 0.072510 0.117187
0 0.368481 0.506836 0.063281 0.098437
0 0.327678 0.500214 0.021226 0.043008
0 0.302497 0.501386 0.026235 0.050039
0 0.261628 0.502558 0.052603 0.061758
0 0.210278 0.499804 0.050098 0.070312
0 0.154907 0.499804 0.112060 0.098437
0 0.084375 0.491601 0.100195 0.114844
0 0.046143 0.514277 0.092285 0.113320
0 0.547910 0.518672 0.052734 0.076406
0 0.445786 0.536718 0.105469 0.182812
0 0.669248 0.557812 0.159521 0.196875
2 0.751646 0.496875 0.160840 0.253125
