0 0.050281 0.471752 0.099797 0.309970
0 0.929336 0.522054 0.138798 0.546526
0 0.539898 0.394940 0.027530 0.044864
0 0.520397 0.383724 0.025236 0.034668
0 0.496309 0.370468 0.036707 0.020393
0 0.476808 0.378625 0.020648 0.024471
0 0.437233 0.387802 0.065384 0.059139
0 0.253699 0.423489 0.131916 0.118278
0 0.368981 0.439804 0.158299 0.150906
0 0.500323 0.415332 0.088326 0.085650
0 0.804303 0.418391 0.069973 0.169260
0 0.843304 0.425529 0.118150 0.195770
0 0.860510 0.471412 0.081444 0.275302
0 0.725727 0.391881 0.045884 0.071375
2 0.629371 0.393920 0.156005 0.279381
