0 0.133278 0.712653 0.055791 0.042245
0 0.204566 0.692449 0.041327 0.027551
0 0.578929 0.666323 0.089687 0.067863
0 0.372677 0.672868 0.020073 0.025386
0 0.354375 0.672704 0.012398 0.011020
0 0.330870 0.678214 0.006199 0.014694
0 0.049592 0.716786 0.076454 0.047755
0 0.268106 0.691990 0.025829 0.027551
0 0.292385 0.681888 0.016531 0.022041
0 0.306849 0.680051 0.008265 0.011020
0 0.320281 0.681888 0.008265 0.011020
0 0.852773 0.664898 0.183903 0.128571
0 0.963321 0.663979 0.070255 0.123061
0 0.474665 0.664767 0.012398 0.020204
0 0.339542 0.676705 0.011365 0.018367
0 0.772978 0.815510 0.443227 0.363673
0 0.544176 0.663787 0.050457 0.062791
