0 0.825366 0.645246 0.016259 0.018703
0 0.793327 0.649497 0.009564 0.020403
0 0.739769 0.649497 0.030605 0.051008
0 0.714425 0.649497 0.021997 0.051008
0 0.579095 0.666499 0.065035 0.078212
0 0.529363 0.643546 0.047820 0.025504
0 0.515495 0.678401 0.077468 0.081612
0 0.936308 0.645671 0.029648 0.029754
0 0.421291 0.692853 0.117636 0.108816
0 0.685255 0.653747 0.053558 0.061209
0 0.778981 0.648646 0.021041 0.030605
0 0.808151 0.648646 0.020084 0.030605
0 0.844972 0.640145 0.024866 0.040806
0 0.904747 0.638445 0.035387 0.054408
0 0.970738 0.641845 0.041125 0.057809
1 0.868882 0.639295 0.015302 0.028904
