0 0.273741 0.533672 0.122607 0.119531
0 0.493907 0.476250 0.019775 0.014062
0 0.506431 0.530156 0.029004 0.093750
0 0.552573 0.517265 0.029004 0.063281
0 0.580918 0.527812 0.056689 0.084375
0 0.585532 0.540703 0.044824 0.096094
0 0.637608 0.560625 0.109424 0.164062
0 0.756919 0.618046 0.221484 0.255469
0 0.444468 0.539531 0.137109 0.178125
2 0.213096 0.485625 0.046143 0.089062
2 0.303404 0.455156 0.116016 0.084375
2 0.528843 0.495000 0.023730 0.046875
0 0.335044 0.677812 0.374414 0.468750
0 0.888755 0.779765 0.221484 0.438281
