0 0.364952 0.496286 0.009298 0.022041
0 0.356687 0.494449 0.009298 0.018367
0 0.342739 0.488939 0.024796 0.044082
0 0.334990 0.497204 0.021696 0.042245
0 0.316910 0.500877 0.030995 0.049592
0 0.308128 0.509143 0.038227 0.040408
0 0.278166 0.513735 0.025829 0.053265
0 0.247171 0.518326 0.056824 0.069796
0 0.106661 0.500877 0.189069 0.240612
0 0.031892 0.584449 0.063785 0.165306
0 0.468785 0.497204 0.012398 0.038571
0 0.530258 0.512816 0.036161 0.069796
0 0.489448 0.501796 0.037194 0.040408
0 0.426942 0.485265 0.013431 0.022041
0 0.576234 0.516490 0.086786 0.099184
0 0.823470 0.493531 0.348176 0.380204
0 0.965530 0.668939 0.061990 0.293877
0 0.384460 0.488516 0.011267 0.019527
0 0.410048 0.474287 0.007895 0.011484
0 0.387798 0.480029 0.013637 0.015312
