0 0.344709 0.466122 0.007175 0.021260
0 0.382079 0.494823 0.015546 0.023386
0 0.370719 0.494823 0.009567 0.019134
0 0.424533 0.476752 0.011959 0.021260
0 0.416759 0.476752 0.010763 0.025512
0 0.615273 0.509705 0.060989 0.078661
0 0.573418 0.511831 0.032288 0.048898
0 0.554284 0.508642 0.029897 0.046772
0 0.490305 0.500138 0.031093 0.034016
0 0.263689 0.520335 0.034680 0.091417
0 0.212266 0.532028 0.099257 0.123307
0 0.033484 0.596870 0.066969 0.189213
0 0.651747 0.515020 0.078927 0.085039
0 0.531563 0.507579 0.025113 0.044646
0 0.863774 0.525543 0.178184 0.157323
0 0.970804 0.578693 0.055010 0.123307
