0 0.484283 0.468417 0.009951 0.016331
0 0.495766 0.477944 0.014544 0.021774
0 0.532510 0.479985 0.008420 0.014970
0 0.540930 0.482707 0.011482 0.023135
0 0.547054 0.490192 0.017606 0.029940
0 0.550116 0.500398 0.013013 0.036744
0 0.559302 0.507203 0.019137 0.039466
0 0.569637 0.511966 0.016841 0.051714
0 0.600639 0.514688 0.054350 0.087097
0 0.615184 0.526255 0.046695 0.080292
0 0.647717 0.541225 0.070426 0.104788
0 0.709340 0.555514 0.109466 0.176915
0 0.350780 0.498357 0.040571 0.051714
0 0.237487 0.517409 0.063536 0.076210
2 0.461318 0.466104 0.029854 0.050353
0 0.474332 0.506931 0.034447 0.050353
0 0.308984 0.506931 0.046695 0.058518
0 0.168515 0.533468 0.102577 0.081653
0 0.417685 0.530066 0.088032 0.118397
0 0.516511 0.487878 0.024496 0.031300
0 0.857924 0.604100 0.281704 0.342131
