0 0.029244 0.560623 0.058488 0.164634
0 0.833948 0.522497 0.330460 0.334467
2 0.627289 0.506034 0.131599 0.159435
0 0.080909 0.558023 0.087733 0.135173
0 0.487404 0.461842 0.038992 0.046791
0 0.261736 0.489570 0.051665 0.071053
0 0.291468 0.480039 0.021446 0.051990
0 0.302190 0.470507 0.021446 0.036393
0 0.313401 0.457510 0.026320 0.034660
0 0.330460 0.454044 0.013647 0.027728
0 0.333384 0.443646 0.015597 0.020796
0 0.343132 0.441046 0.013647 0.019063
0 0.351906 0.437580 0.013647 0.022529
0 0.476681 0.454044 0.031194 0.041592
0 0.464009 0.443646 0.019496 0.034660
0 0.455723 0.433248 0.020471 0.027728
0 0.447437 0.424583 0.017547 0.024262
0 0.435252 0.428049 0.008773 0.017330
0 0.365066 0.434114 0.014622 0.019063
0 0.372864 0.428049 0.006824 0.017330
0 0.380175 0.428049 0.007798 0.017330
