0 0.365854 0.470108 0.016381 0.016641
0 0.376385 0.470108 0.011701 0.020801
0 0.385745 0.470108 0.011701 0.016641
0 0.397446 0.474268 0.018721 0.020801
0 0.417922 0.482589 0.024571 0.049923
0 0.473501 0.475309 0.021061 0.047843
0 0.348888 0.473228 0.015211 0.018721
0 0.333092 0.472188 0.014041 0.020801
0 0.323147 0.476349 0.008190 0.016641
0 0.314371 0.477389 0.011701 0.022881
0 0.296235 0.480509 0.019891 0.029122
0 0.283949 0.486749 0.016381 0.033282
0 0.272249 0.487789 0.021061 0.035362
0 0.265228 0.494030 0.021061 0.031202
0 0.647256 0.510671 0.090095 0.089445
0 0.243582 0.499230 0.033932 0.041602
0 0.355323 0.507550 0.046803 0.058243
0 0.448929 0.490909 0.051483 0.074884
0 0.546630 0.488829 0.062014 0.079045
0 0.787664 0.509631 0.190721 0.170570
0 0.049350 0.520031 0.038612 0.033282
3 0.070996 0.517951 0.030422 0.037442
4 0.131840 0.509631 0.016381 0.066564
