0 0.392998 0.498155 0.009807 0.019926
0 0.383891 0.496910 0.008406 0.022417
0 0.376185 0.496910 0.009807 0.022417
0 0.369880 0.498155 0.008406 0.029889
0 0.359372 0.498155 0.015412 0.039852
0 0.358672 0.503137 0.011208 0.029889
0 0.452543 0.494419 0.011208 0.027399
0 0.468655 0.494419 0.026620 0.037362
0 0.502981 0.493796 0.042032 0.059779
0 0.578638 0.503759 0.089668 0.109594
0 0.343260 0.503759 0.028021 0.044834
0 0.425923 0.495042 0.014011 0.022417
3 0.816118 0.533026 0.054641 0.119557
3 0.798605 0.533856 0.058845 0.119557
