0 0.449082 0.359062 0.014502 0.032812
0 0.435240 0.369609 0.031641 0.053906
0 0.414146 0.371953 0.036914 0.077344
0 0.391075 0.377812 0.043506 0.103125
0 0.327793 0.388359 0.109424 0.208594
0 0.506431 0.370781 0.015820 0.037500
0 0.565757 0.374297 0.034277 0.049219
0 0.822837 0.437578 0.076465 0.105469
0 0.789878 0.393047 0.026367 0.030469
0 0.749009 0.431718 0.089648 0.112500
2 0.481382 0.326250 0.050098 0.098437
0 0.476109 0.382500 0.044824 0.065625
0 0.528843 0.375468 0.034277 0.056250
0 0.641563 0.438750 0.156885 0.192187
0 0.152361 0.361406 0.304722 0.562500
0 0.926987 0.459843 0.145019 0.262500
