0 0.513434 0.566678 0.028200 0.037599
0 0.481206 0.565783 0.024171 0.035809
0 0.410204 0.588163 0.073520 0.102056
0 0.330640 0.555935 0.013093 0.016114
0 0.319058 0.549669 0.008057 0.010743
0 0.308987 0.555935 0.010071 0.012533
0 0.198203 0.485212 0.032228 0.017905
0 0.152882 0.482527 0.028200 0.037599
0 0.116122 0.485212 0.059421 0.035809
0 0.014905 0.487898 0.028200 0.055504
0 0.356826 0.484317 0.021150 0.012533
0 0.403657 0.495060 0.012086 0.008952
0 0.437396 0.500431 0.009064 0.016114
0 0.461567 0.504012 0.017121 0.012533
0 0.543145 0.513860 0.019135 0.007162
