0 0.532143 0.525501 0.016389 0.024281
0 0.545118 0.525501 0.015024 0.024281
0 0.560825 0.527929 0.019121 0.029137
0 0.573117 0.527929 0.016389 0.024281
0 0.516437 0.521859 0.015024 0.036421
0 0.508242 0.526715 0.017755 0.031565
0 0.497316 0.527929 0.023218 0.038849
0 0.491853 0.541284 0.034145 0.050989
0 0.461806 0.543712 0.031413 0.080126
0 0.380541 0.575277 0.161162 0.220953
0 0.592238 0.537642 0.030047 0.043705
0 0.068460 0.541284 0.135213 0.114119
0 0.145627 0.541284 0.065558 0.075270
2 0.883150 0.400456 0.232183 0.789119
