0 0.472884 0.466905 0.016243 0.027072
0 0.470346 0.462393 0.015228 0.021658
0 0.484051 0.474125 0.016243 0.027072
0 0.494711 0.475929 0.015228 0.034291
0 0.504863 0.479539 0.015228 0.045120
0 0.529228 0.480441 0.047715 0.072193
0 0.418570 0.465100 0.009137 0.016243
0 0.410956 0.463296 0.008122 0.019853
0 0.398266 0.462393 0.017259 0.036096
2 0.370855 0.453369 0.041624 0.068583
2 0.350551 0.465100 0.041624 0.066778
0 0.324156 0.481344 0.027411 0.059559
0 0.300298 0.486758 0.044669 0.073997
0 0.261213 0.493977 0.072080 0.095655
0 0.189133 0.516538 0.116749 0.133556
0 0.078932 0.551546 0.154209 0.199964
0 0.011472 0.601364 0.021319 0.176872
0 0.458506 0.467308 0.009602 0.015648
0 0.451304 0.466597 0.012803 0.014226
0 0.426899 0.465174 0.010402 0.017071
