0 0.572411 0.491510 0.036161 0.044082
0 0.611155 0.497020 0.035128 0.036735
0 0.651448 0.498857 0.037194 0.044082
0 0.703106 0.500694 0.051658 0.055102
0 0.769229 0.513551 0.068189 0.066122
0 0.847749 0.528245 0.082653 0.084490
0 0.944350 0.535592 0.096084 0.088163
0 0.516620 0.490592 0.032028 0.031224
0 0.491598 0.493857 0.020663 0.027551
0 0.253970 0.550796 0.072321 0.078980
0 0.075844 0.588449 0.151687 0.161633
0 0.319292 0.492198 0.012236 0.024471
0 0.336498 0.494237 0.014530 0.020393
0 0.354852 0.493558 0.017589 0.016314
0 0.388117 0.497636 0.030589 0.024471
0 0.455413 0.496956 0.022942 0.023112
