0 0.531749 0.463125 0.022148 0.041250
0 0.513819 0.462187 0.015820 0.024375
0 0.494835 0.472500 0.022148 0.026250
0 0.470577 0.483750 0.030586 0.045000
0 0.438937 0.492187 0.036914 0.054375
0 0.386730 0.506250 0.061172 0.082500
0 0.232745 0.548437 0.124453 0.174375
0 0.309210 0.509062 0.043242 0.050625
0 0.092115 0.599062 0.184230 0.260625
0 0.582901 0.456562 0.010547 0.024375
0 0.590812 0.458437 0.009492 0.035625
0 0.600831 0.457500 0.010547 0.037500
0 0.610851 0.462187 0.015820 0.046875
0 0.634581 0.467812 0.037969 0.061875
0 0.712101 0.486562 0.093867 0.121875
0 0.656730 0.480937 0.035859 0.076875
0 0.902469 0.531562 0.194057 0.358125
