0 0.992165 0.371337 0.012689 0.041645
0 0.985820 0.354852 0.015617 0.022558
0 0.972644 0.361793 0.010737 0.019087
0 0.962883 0.353984 0.014641 0.034704
0 0.948242 0.360925 0.020497 0.034704
0 0.941898 0.362660 0.017569 0.038175
0 0.927745 0.365263 0.032210 0.057262
0 0.900415 0.360058 0.051731 0.067673
0 0.890655 0.371337 0.043923 0.069409
0 0.866253 0.377410 0.034162 0.088496
0 0.835995 0.382615 0.061492 0.102378
0 0.804273 0.393894 0.058564 0.117995
0 0.722284 0.399100 0.167882 0.180463
0 0.526584 0.491067 0.285986 0.260283
0 0.073204 0.641163 0.146409 0.262018
